399,1,178,217,43,91
400,1,174,217,40,90
401,1,171,215,40,92
402,1,166,217,43,90
403,1,161,218,47,89
404,1,156,218,50,89
405,1,152,218,53,89
406,1,147,218,54,89
407,1,143,220,54,87
408,1,136,219,56,88
409,1,131,217,54,89
410,1,127,217,49,89
411,1,121,216,49,90
412,1,115,214,52,92
413,1,111,214,55,93
414,1,107,211,57,96
415,1,102,210,61,97
416,1,101,213,59,93
417,1,95,216,57,90
418,1,91,217,53,89
419,1,85,217,51,88
420,1,79,216,50,88
421,1,74,215,50,89
422,1,66,213,56,92
423,1,61,213,58,92
424,1,56,212,58,93
425,1,51,212,58,94
426,1,44,214,58,93
427,1,41,215,53,94
428,1,34,216,52,92
429,1,27,214,50,94
430,1,21,214,52,94
431,1,14,213,57,93
432,1,10,211,55,94
433,1,6,212,53,92
434,1,3,211,51,93
435,1,0,210,51,96
436,1,0,211,46,97
437,1,0,211,43,97
989,2,1,100,39,80
990,2,0,100,35,80
991,2,0,102,35,79
992,2,0,102,36,79
993,2,0,101,35,79
994,2,0,101,35,79
995,2,0,103,35,79
996,2,0,105,35,79
997,2,0,106,37,79
998,2,0,106,39,79
999,2,0,108,38,79
1000,2,1,109,38,79
1001,2,1,109,39,79
1002,2,2,109,38,79
1003,2,3,108,37,79
1004,2,3,109,37,79
1005,2,2,109,39,79
1006,2,2,110,38,79
1007,2,2,111,38,81
1008,2,4,113,36,79
1009,2,4,115,38,79
1010,2,3,116,38,78
1011,2,2,115,39,79
1012,2,1,115,40,79
1013,2,1,116,40,80
1014,2,0,116,41,80
1015,2,0,114,41,83
1016,2,0,114,40,85
1017,2,0,114,40,88
1018,2,0,116,39,86
1019,2,0,117,38,84
1020,2,0,116,37,85
1021,2,0,115,36,86
1022,2,0,116,35,85
1023,2,0,115,35,86
1024,2,1,114,32,89
1025,2,0,116,31,89
1026,2,0,118,32,88
1027,2,0,119,34,88
1028,2,0,118,35,89
1029,2,0,120,33,88
1030,2,0,120,33,88
1031,2,0,119,30,92
1032,2,0,118,33,91
1033,2,0,117,30,93
1034,2,0,117,28,94
1035,2,0,122,28,90
1036,2,0,125,29,85
1037,2,0,129,29,81
1038,2,0,129,29,81
1153,2,0,295,38,100
1154,2,0,298,43,100
1155,2,2,302,49,98
1156,2,13,306,46,98
1157,2,21,310,48,95
1158,2,27,310,52,97
1159,2,34,310,57,96
1160,2,41,312,60,95
1161,2,55,314,56,99
1162,2,71,316,51,100
1163,2,83,318,48,99
1164,2,92,321,50,97
1165,2,100,323,53,96
1166,2,108,324,59,98
1166,3,0,210,38,92
1167,2,122,326,55,99
1167,3,5,211,42,92
1168,2,132,330,54,99
1168,3,9,210,46,92
1169,2,141,332,54,97
1169,3,13,211,49,92
1170,2,150,336,54,94
1170,3,16,212,55,92
1171,2,162,337,53,95
1171,3,21,214,59,92
1171,4,6,352,45,96
1172,2,174,341,53,96
1172,3,32,214,55,92
1172,4,21,354,44,89
1173,2,187,344,50,100
1173,3,44,216,51,92
1173,4,34,352,47,96
1174,2,199,346,48,101
1174,3,58,216,44,92
1174,4,47,354,49,95
1175,2,211,350,46,99
1175,3,68,216,42,92
1175,4,66,355,43,99
1175,5,7,403,65,104
1176,2,219,352,49,97
1176,3,75,216,44,92
1176,4,79,359,41,98
1176,5,26,403,57,105
1177,2,229,354,52,95
1177,3,78,215,51,92
1177,4,95,360,43,94
1177,5,47,404,56,107
1178,2,238,354,58,99
1178,3,82,214,59,92
1178,4,108,360,47,91
1178,5,59,406,62,103
1179,2,249,356,59,100
1179,3,88,214,64,92
1179,4,121,361,52,91
1179,5,68,406,72,101
1180,2,259,359,58,102
1180,3,95,219,65,88
1180,4,137,361,55,94
1180,5,83,406,75,98
1181,2,266,363,60,99
1181,3,107,222,57,86
1181,4,154,361,55,97
1181,5,107,409,66,97
1182,2,275,366,59,100
1182,3,121,224,50,84
1182,4,169,361,47,97
1182,5,130,409,53,100
1183,2,286,370,57,97
1183,3,135,224,43,84
1183,4,183,362,52,97
1183,5,149,408,51,105
1184,2,297,372,60,98
1184,3,144,224,42,85
1184,4,200,361,48,90
1184,5,159,408,62,102
1185,2,309,374,59,100
1185,3,152,224,44,85
1185,4,211,363,54,86
1185,5,172,408,74,99
1186,2,321,377,54,105
1186,3,157,223,47,86
1186,4,226,363,59,93
1186,5,186,410,87,94
1187,2,333,380,52,105
1187,3,161,222,55,88
1187,4,229,360,80,96
1187,5,203,412,87,95
1188,2,343,382,54,104
1188,3,167,222,61,88
1188,4,243,362,83,95
1188,5,222,415,82,95
1189,2,352,383,56,103
1189,3,175,224,61,87
1189,4,264,364,71,99
1189,5,243,417,66,95
1190,2,361,384,59,102
1190,3,186,226,55,86
1190,4,290,365,56,99
1190,5,262,418,57,94
1191,2,371,384,60,103
1191,3,199,227,49,86
1191,4,310,363,56,99
1191,5,278,418,58,94
1192,2,383,385,56,105
1192,3,212,227,43,86
1192,4,321,365,63,93
1192,5,293,418,60,94
1193,2,390,389,58,104
1193,3,223,228,40,86
1193,4,333,365,68,85
1193,5,303,419,64,92
1194,2,397,391,59,106
1194,3,228,225,44,89
1194,4,340,365,83,78
1194,5,313,417,69,97
1195,2,406,397,63,103
1195,3,232,225,49,89
1195,4,362,367,73,75
1195,5,321,421,69,94
1196,2,416,403,63,103
1196,3,236,226,59,88
1196,4,380,369,74,73
1196,5,331,423,70,93
1197,2,429,408,66,101
1197,3,242,226,66,88
1197,4,401,367,67,78
1197,5,341,424,72,93
1198,2,438,410,67,101
1198,3,249,228,67,87
1198,4,427,365,56,85
1198,5,349,424,75,94
1199,2,450,412,66,100
1199,3,260,232,60,86
1199,4,446,364,48,88
1199,5,360,425,74,96
1200,2,462,418,57,99
1200,3,274,233,49,86
1200,4,460,364,50,94
1200,5,371,425,67,97
1201,2,473,420,51,101
1201,3,286,235,44,85
1201,4,476,364,54,97
1201,5,382,424,62,99
1202,2,481,422,58,102
1202,3,297,234,39,85
1202,4,482,365,69,97
1202,5,393,423,62,102
1203,2,491,425,60,100
1203,3,305,233,39,85
1203,4,494,368,67,97
1203,5,402,422,62,102
1204,2,501,428,62,99
1204,3,310,232,42,88
1204,4,503,370,68,98
1204,5,409,419,64,106
1205,2,510,432,61,99
1205,3,315,231,48,89
1205,4,526,374,60,91
1205,5,415,419,66,107
1206,2,520,435,63,102
1206,3,319,231,55,90
1206,4,532,376,75,91
1206,5,423,419,57,108
1207,2,534,439,57,104
1207,3,326,232,56,91
1207,4,545,376,86,93
1207,5,433,419,61,109
1208,2,544,441,55,105
1208,3,334,234,51,91
1208,4,572,377,77,90
1208,5,436,421,66,108
1209,2,551,444,60,103
1209,3,345,237,46,89
1209,4,587,377,74,93
1209,5,439,422,67,108
1210,2,552,445,75,101
1210,3,358,238,39,88
1210,4,607,380,61,93
1210,5,444,422,68,108
1211,2,560,449,82,99
1211,3,367,238,39,89
1211,4,631,383,49,92
1211,5,449,423,65,107
1212,2,574,454,84,99
1212,3,373,236,40,89
1212,4,643,385,54,89
1212,5,453,423,66,107
1213,2,592,457,77,99
1213,3,375,236,44,88
1213,4,654,387,60,87
1213,5,458,424,69,107
1214,2,614,458,66,102
1214,3,378,237,52,89
1214,4,664,388,71,89
1214,5,468,424,68,107
1215,2,627,459,66,100
1215,3,382,237,59,88
1215,4,678,390,72,91
1215,5,480,425,64,106
1216,2,637,461,72,99
1216,3,388,239,60,88
1216,4,695,394,64,89
1216,5,488,425,64,106
1217,2,646,463,78,99
1217,3,396,242,55,88
1217,4,717,397,52,87
1217,5,494,423,65,108
1218,2,657,466,80,102
1218,3,405,244,51,88
1218,4,728,397,57,88
1218,5,501,422,63,109
1219,2,670,468,80,103
1219,3,415,244,48,89
1219,4,735,396,68,87
1219,5,508,421,62,109
1220,2,696,470,74,104
1220,3,427,244,42,90
1220,4,747,396,77,90
1220,5,513,421,65,108
1221,2,724,472,62,104
1221,3,435,243,41,91
1221,4,759,397,85,92
1221,5,521,421,63,107
1222,2,733,472,72,106
1222,3,440,242,42,92
1222,4,781,398,76,91
1222,5,533,421,55,107
1223,2,743,473,78,104
1223,3,444,242,45,92
1223,4,805,400,59,96
1223,5,548,421,50,107
1224,2,752,474,86,104
1224,3,448,242,51,91
1224,4,822,402,57,95
1224,5,560,420,49,108
1225,2,767,475,87,107
1225,3,452,243,56,93
1225,4,819,403,74,93
1225,5,564,418,55,110
1226,2,789,475,77,111
1226,3,458,245,57,93
1226,4,837,404,71,93
1226,5,569,415,62,112
1227,2,814,478,65,112
1227,3,467,248,53,92
1227,4,857,406,73,96
1227,5,576,413,63,112
1228,2,836,481,58,109
1228,3,477,248,50,93
1228,4,872,407,78,96
1228,5,583,411,65,112
1228,6,0,319,38,97
1229,2,849,481,64,110
1229,3,489,249,43,92
1229,4,889,410,74,96
1229,5,590,411,65,110
1229,6,8,319,40,97
1230,2,854,482,81,107
1230,3,499,248,39,94
1230,4,910,412,61,96
1230,5,599,411,59,108
1230,6,16,318,43,98
1231,2,866,486,91,107
1231,3,502,246,44,94
1231,4,923,414,64,96
1231,5,612,410,49,108
1231,6,21,318,47,99
1232,2,884,485,93,110
1232,3,506,246,47,93
1232,4,935,413,72,93
1232,5,626,409,41,108
1232,6,26,318,49,97
1233,2,907,486,83,114
1233,3,509,246,56,92
1233,4,953,412,67,98
1233,5,636,407,41,109
1233,6,31,318,56,96
1234,2,933,486,65,115
1234,3,514,247,60,92
1234,4,975,412,66,101
1234,5,641,404,45,112
1234,6,38,318,62,94
1235,2,960,486,58,116
1235,3,519,249,62,90
1235,4,979,413,85,101
1235,5,646,401,48,114
1235,6,46,319,61,94
1236,2,976,487,62,115
1236,3,527,251,57,91
1236,4,997,416,83,100
1236,5,652,399,53,114
1236,6,58,321,52,95
1237,2,988,488,69,114
1237,3,537,253,53,91
1237,4,1017,419,74,104
1237,5,656,398,61,113
1237,6,71,322,43,95
1238,2,1000,489,79,113
1238,3,548,253,49,90
1238,4,1038,421,65,106
1238,5,661,398,66,110
1238,6,85,322,36,95
1239,2,1011,489,94,112
1239,3,560,252,44,92
1239,4,1063,422,55,107
1239,5,670,399,62,107
1239,6,91,320,37,97
1240,2,1028,487,98,115
1240,3,564,251,46,92
1240,4,1082,424,51,99
1240,5,681,400,53,104
1240,6,98,320,40,97
1241,2,1049,489,88,115
1241,3,571,250,44,95
1241,4,1088,424,59,105
1241,5,691,398,46,105
1241,6,103,320,47,98
1242,2,1073,491,70,116
1242,3,574,250,49,95
1242,4,1097,425,73,109
1242,5,703,396,43,106
1242,6,109,320,54,96
1243,2,1099,491,55,115
1243,3,578,249,55,96
1243,4,1109,427,84,107
1243,5,713,393,41,108
1243,6,115,321,60,95
1244,2,1117,492,54,114
1244,3,583,251,58,94
1244,4,1130,430,79,107
1244,5,718,390,45,111
1244,6,123,322,59,97
1245,2,1133,495,55,113
1245,3,589,253,56,93
1245,4,1145,434,73,108
1245,5,723,388,48,112
1245,6,135,324,50,95
1246,2,1148,496,65,112
1246,3,596,254,54,93
1246,4,1166,435,60,107
1246,5,726,388,51,110
1246,6,146,324,42,95
1247,2,1161,496,77,112
1247,3,606,254,48,93
1247,4,1189,436,50,106
1247,5,729,387,56,108
1247,6,157,323,39,98
1248,2,1179,497,79,113
1248,3,618,254,41,93
1248,4,1201,436,55,104
1248,5,734,388,58,104
1248,6,164,322,40,99
1249,2,1197,500,74,113
1249,3,627,252,38,95
1249,4,1211,435,61,108
1249,5,741,389,55,102
1249,6,170,321,42,98
1250,2,1215,502,60,112
1250,3,632,250,40,102
1250,4,1221,438,77,106
1250,5,748,391,50,99
1250,6,174,321,45,98
1251,2,1235,503,50,112
1251,3,634,250,46,97
1251,4,1232,439,88,106
1251,5,756,389,42,100
1251,6,178,321,55,97
1252,2,1252,502,49,111
1252,3,637,250,54,96
1252,4,1251,441,87,107
1252,5,765,387,37,102
1252,6,183,322,60,94
1253,2,1263,501,58,111
1253,3,640,251,60,94
1253,4,1282,444,69,108
1253,5,770,384,35,105
1253,6,189,324,60,94
1254,2,1275,501,67,110
1254,3,645,253,60,92
1254,4,1283,446,73,107
1254,5,774,381,35,108
1254,6,197,326,54,95
1255,2,1288,501,70,111
1255,3,652,255,55,90
1255,4,1302,448,67,107
1255,5,778,379,40,109
1255,6,208,326,48,94
1256,2,1302,502,71,114
1256,3,660,255,51,90
1256,4,1329,447,50,106
1256,5,780,378,46,109
1256,6,219,326,44,94
1257,2,1314,503,62,114
1257,3,671,254,47,91
1257,4,1340,449,54,106
1257,5,783,377,49,110
1257,6,228,325,42,95
1258,2,1329,504,52,114
1258,3,682,253,39,92
1258,4,1347,450,61,108
1258,5,786,378,51,108
1258,6,234,323,41,98
1259,2,1340,504,47,114
1259,3,689,251,38,94
1259,4,1346,451,85,109
1259,5,790,378,50,107
1259,6,238,322,41,99
1260,2,1348,504,52,115
1260,3,692,250,39,95
1260,4,1352,452,101,108
1260,5,794,381,49,103
1260,6,242,322,48,97
1261,2,1358,503,58,117
1261,3,694,249,47,96
1261,4,1380,455,87,109
1261,5,793,382,51,101
1261,6,247,322,53,98
1262,2,1368,504,62,116
1262,3,696,249,56,95
1262,4,1400,458,76,109
1262,5,797,383,46,99
1262,6,254,324,50,96
1263,2,1378,505,64,116
1263,3,700,251,60,92
1263,4,1420,460,63,108
1263,5,801,382,43,101
1263,6,263,325,42,97
1264,2,1389,506,62,115
1264,3,705,252,58,91
1264,4,1439,462,48,107
1264,5,804,382,39,101
1264,6,272,326,37,95
1265,2,1398,507,60,114
1265,3,711,253,54,90
1265,4,1454,461,47,108
1265,5,807,381,36,101
1265,6,281,326,34,95
1266,2,1406,508,64,113
1266,3,719,253,49,90
1266,4,1463,461,55,108
1266,5,807,379,37,103
1266,6,286,324,34,97
1267,2,1413,508,68,112
1267,3,727,252,42,91
1267,4,1472,463,67,105
1267,5,808,378,38,103
1267,6,289,323,37,98
1268,2,1420,507,73,113
1268,3,737,251,34,92
1268,4,1481,463,76,107
1268,5,809,377,36,104
1268,6,293,322,42,97
1269,2,1426,506,73,115
1269,3,743,250,33,93
1269,4,1491,465,83,106
1269,5,809,376,36,105
1269,6,292,322,54,97
1270,2,1434,505,67,115
1270,3,746,248,35,95
1270,4,1502,469,84,107
1270,5,809,375,35,106
1270,6,296,323,58,96
1271,2,1438,504,63,115
1271,3,747,248,43,95
1271,4,1516,473,78,106
1271,5,809,375,33,106
1271,6,302,324,54,93
1272,2,1445,501,56,116
1272,3,747,249,51,94
1272,4,1535,476,64,106
1272,5,809,374,32,107
1272,6,309,325,48,92
1273,2,1451,498,49,118
1273,3,749,250,56,93
1273,4,1554,478,50,104
1273,5,809,374,31,107
1273,6,316,325,41,92
1274,2,1455,496,45,120
1274,3,751,251,56,91
1274,4,1564,478,51,103
1274,5,808,373,32,108
1274,6,324,325,36,94
1275,2,1459,494,45,121
1275,3,754,252,54,89
1275,4,1573,478,53,105
1275,5,806,373,34,108
1275,6,332,324,34,93
1276,2,1463,492,48,122
1276,3,759,253,50,88
1276,4,1583,480,59,107
1276,5,804,373,36,107
1276,6,336,323,34,94
1277,2,1466,491,53,122
1277,3,766,252,43,88
1277,4,1592,481,67,110
1277,5,802,373,39,107
1277,6,339,322,38,95
1278,2,1468,492,56,121
1278,3,773,252,36,88
1278,4,1602,484,67,108
1278,5,801,373,40,107
1278,6,342,322,43,95
1279,2,1473,491,56,122
1279,3,780,250,35,90
1279,4,1615,488,61,106
1279,5,799,373,41,106
1279,6,341,322,52,95
1280,2,1477,493,53,120
1280,3,784,249,38,91
1280,4,1629,492,50,104
1280,5,796,373,44,106
1280,6,343,323,54,94
1281,2,1481,493,50,120
1281,3,787,249,42,90
1281,4,1644,497,46,98
1281,5,794,373,46,105
1281,6,344,324,56,94
1282,2,1482,493,49,119
1282,3,789,249,46,90
1282,4,1652,501,50,96
1282,5,794,374,45,103
1282,6,350,324,53,95
1283,2,1486,491,45,118
1283,3,789,249,51,90
1283,4,1661,503,56,97
1283,5,793,374,46,103
1283,6,357,324,47,93
1284,2,1490,490,43,117
1284,3,788,250,56,89
1284,4,1667,505,60,100
1284,5,791,375,48,102
1284,6,366,323,38,95
1285,2,1492,488,46,118
1285,3,789,250,58,89
1285,4,1676,508,61,100
1285,5,789,375,50,102
1285,6,371,323,34,94
1286,2,1495,486,47,119
1286,3,791,251,58,88
1286,4,1685,512,56,98
1286,5,788,376,50,100
1286,6,377,322,32,95
1287,2,1498,486,47,118
1287,3,792,251,58,88
1287,4,1695,515,49,97
1287,5,786,376,51,100
1287,6,378,323,36,93
1288,2,1500,484,47,119
1288,3,795,252,57,87
1288,4,1701,519,48,94
1288,5,784,376,49,100
1288,6,381,323,41,95
1289,2,1502,483,47,120
1289,3,800,252,53,87
1289,4,1705,522,54,96
1289,5,783,377,47,99
1289,6,382,324,50,93
1290,2,1504,483,47,119
1290,3,804,251,50,88
1290,4,1711,526,57,99
1290,5,781,378,46,99
1290,6,384,324,55,93
1291,2,1506,483,46,119
1291,3,810,250,46,89
1291,4,1719,530,57,99
1291,5,780,378,46,100
1291,6,384,324,58,93
1292,2,1508,484,46,118
1292,3,816,250,41,89
1292,4,1729,534,52,101
1292,5,778,378,48,101
1292,6,385,324,59,92
1293,2,1508,484,47,117
1293,3,820,250,38,89
1293,4,1740,538,48,99
1293,5,776,379,51,101
1293,6,387,324,56,92
1294,2,1509,484,46,117
1294,3,824,250,35,89
1294,4,1750,541,43,99
1294,5,775,381,54,101
1294,6,391,324,54,92
1295,2,1508,482,46,119
1295,3,826,251,35,88
1295,4,1754,544,45,98
1295,5,774,382,56,100
1295,6,399,323,44,92
1296,2,1509,480,42,120
1296,3,829,251,38,89
1296,4,1757,546,52,97
1296,5,772,383,59,100
1296,6,406,324,37,91
1297,2,1508,480,44,120
1297,3,830,251,44,89
1297,4,1768,547,49,104
1297,5,770,385,61,99
1297,6,414,322,29,93
1298,2,1509,478,46,121
1298,3,831,253,49,87
1298,4,1775,549,49,109
1298,5,768,386,63,98
1298,6,420,325,26,90
1299,2,1508,478,50,120
1299,3,831,252,52,88
1299,4,1781,554,49,108
1299,5,767,388,63,96
1299,6,423,323,30,93
1300,2,1509,477,51,121
1300,3,832,253,53,88
1300,4,1790,558,46,110
1300,5,766,388,63,96
1300,6,425,323,36,94
1301,2,1509,477,54,120
1301,3,833,253,53,88
1301,4,1794,562,48,106
1301,5,765,388,63,96
1301,6,426,323,43,92
1302,2,1505,477,60,120
1302,3,834,253,52,89
1302,4,1797,565,53,103
1302,5,764,390,62,94
1302,6,427,322,49,93
1303,2,1500,476,67,120
1303,3,836,255,50,88
1303,4,1802,569,57,101
1303,5,763,389,61,96
1303,6,426,323,51,92
1304,2,1497,476,69,120
1304,3,839,253,47,90
1304,4,1806,572,59,109
1304,5,762,390,60,96
1304,6,428,323,51,91
1305,2,1494,476,71,119
1305,3,843,253,43,90
1305,4,1812,575,59,114
1305,5,763,390,57,97
1305,6,428,323,54,92
1306,2,1490,477,76,117
1306,3,848,253,38,90
1306,4,1821,578,59,116
1306,5,763,391,54,96
1306,6,431,323,53,93
1307,2,1485,477,78,116
1307,3,851,252,39,90
1307,4,1830,584,63,115
1307,5,761,391,53,97
1307,6,439,323,45,93
1308,2,1483,476,76,116
1308,3,853,253,41,90
1308,4,1836,589,65,115
1308,5,762,392,50,97
1308,6,445,323,39,93
1309,2,1480,475,75,116
1309,3,855,252,43,93
1309,4,1846,596,61,110
1309,5,761,393,49,97
1309,6,452,322,33,94
1310,2,1479,476,75,115
1310,3,857,252,45,91
1310,4,1852,598,57,108
1310,5,761,395,48,97
1310,6,456,322,32,95
1311,2,1479,476,71,115
1311,3,859,252,47,91
1311,4,1857,600,54,113
1311,5,759,395,49,98
1311,6,456,322,35,95
1312,2,1479,476,70,115
1312,3,861,253,48,90
1312,4,1860,602,55,118
1312,5,759,396,47,98
1312,6,460,323,39,94
1313,2,1480,477,67,114
1313,3,862,255,49,88
1313,4,1862,604,57,122
1313,5,757,397,48,97
1313,6,462,323,47,94
1314,2,1482,476,64,115
1314,3,864,257,49,86
1314,4,1867,614,52,116
1314,5,757,397,47,98
1314,6,464,324,50,94
1315,2,1480,476,64,115
1315,3,866,256,50,88
1315,4,1877,618,42,116
1315,5,755,397,48,99
1315,6,463,324,55,94
1316,2,1482,476,61,115
1316,3,867,256,49,90
1316,5,755,397,47,99
1316,6,465,325,54,92
1317,2,1483,475,58,116
1317,3,868,257,49,89
1317,5,753,397,48,99
1317,6,466,324,56,93
1318,2,1480,475,60,116
1318,3,872,257,47,90
1318,5,751,398,49,98
1318,6,469,324,52,93
1319,2,1481,475,58,116
1319,3,875,257,45,89
1319,5,751,398,50,100
1319,6,475,324,46,92
1320,2,1480,476,58,115
1320,3,877,257,44,89
1320,5,751,399,49,101
1320,6,477,323,46,93
1321,2,1479,476,59,115
1321,3,880,256,42,91
1321,5,749,401,51,100
1321,6,484,323,39,93
1322,2,1479,475,59,116
1322,3,883,255,40,92
1322,5,749,402,50,100
1322,6,488,323,34,93
1323,2,1479,475,59,116
1323,3,885,255,40,94
1323,5,748,404,51,100
1323,6,495,322,30,94
1324,2,1477,475,62,116
1324,3,887,255,40,94
1324,5,748,404,51,101
1324,6,498,322,33,94
1325,2,1477,475,62,116
1325,3,889,255,39,93
1325,5,748,405,50,101
1325,6,500,322,38,94
1326,2,1477,475,62,115
1326,3,890,256,39,91
1326,5,748,406,50,101
1326,6,497,323,47,93
1327,2,1478,475,61,115
1327,3,892,257,40,90
1327,5,748,406,50,101
1327,6,500,324,49,92
1328,2,1477,475,62,115
1328,3,893,257,42,90
1328,5,748,406,49,102
1328,6,501,324,53,91
1329,2,1477,475,62,115
1329,3,894,258,44,89
1329,5,748,406,49,102
1329,6,501,325,57,94
1330,2,1476,475,63,115
1330,3,896,258,44,89
1330,5,748,407,48,102
1330,6,503,325,58,94
1331,2,1476,475,63,115
1331,3,899,258,42,90
1331,5,748,407,48,103
1331,6,509,325,53,94
1332,2,1478,476,62,114
1332,3,900,258,42,91
1332,5,748,408,47,104
1332,6,514,325,49,93
1333,2,1480,476,60,114
1333,3,900,258,41,92
1333,5,747,409,47,105
1333,6,521,324,42,94
1334,2,1481,476,60,114
1334,3,902,259,40,91
1334,5,747,411,47,105
1334,6,523,324,39,94
1335,2,1481,476,60,114
1335,3,902,258,40,94
1335,5,746,412,47,105
1335,6,527,324,36,94
1336,2,1483,475,58,115
1336,3,904,258,40,93
1336,5,746,414,47,104
1336,6,531,324,35,94
1337,2,1485,474,56,116
1337,3,907,258,39,93
1337,5,745,414,47,105
1337,6,535,324,33,94
1338,2,1487,465,55,125
1338,3,907,258,43,91
1338,5,745,415,47,105
1338,6,536,324,39,94
1339,2,1489,471,54,119
1339,3,910,259,42,90
1339,5,744,416,47,105
1339,6,537,326,47,92
1340,2,1491,472,53,118
1340,3,911,256,44,93
1340,5,744,416,46,105
1340,6,537,326,52,93
1341,2,1492,474,53,116
1341,3,913,258,45,92
1341,5,744,416,46,105
1341,6,536,326,55,93
1342,2,1492,473,53,117
1342,3,915,259,46,92
1342,5,745,416,45,105
1342,6,538,326,53,93
1343,2,1492,472,53,118
1343,3,917,260,45,92
1343,5,745,416,47,107
1343,6,538,326,55,93
1344,2,1492,472,54,118
1344,3,919,261,45,92
1344,5,746,417,48,107
1344,6,542,326,50,93
1345,2,1491,472,56,118
1345,3,921,261,46,92
1345,5,748,418,47,108
1345,6,547,325,45,94
1346,2,1492,472,55,118
1346,3,922,262,47,92
1346,5,748,420,49,108
1346,6,550,325,43,94
1347,2,1491,472,56,118
1347,3,920,262,51,92
1347,5,748,421,51,108
1347,6,555,325,37,94
1348,2,1491,472,55,118
1348,3,924,264,49,92
1348,5,749,422,52,108
1348,6,559,325,36,94
1349,2,1492,472,54,118
1349,3,926,264,49,93
1349,5,750,423,53,108
1349,6,563,325,36,94
1350,2,1492,472,55,118
1350,3,929,263,48,95
1350,5,749,425,56,107
1350,6,566,325,38,95
1351,2,1491,472,57,118
1351,3,932,263,47,94
1351,5,750,425,57,108
1351,6,570,326,39,94
1352,2,1492,472,56,118
1352,3,934,264,47,94
1352,5,752,425,56,108
1352,6,570,325,46,96
1353,2,1492,472,55,118
1353,3,936,264,46,94
1353,5,755,425,53,108
1353,6,572,325,52,96
1354,2,1492,472,55,118
1354,3,938,264,46,94
1354,5,755,426,54,108
1354,6,572,326,53,95
1355,2,1492,472,55,118
1355,3,942,265,42,92
1355,5,757,428,52,106
1355,6,572,326,56,95
1356,2,1492,472,55,118
1356,3,944,265,41,93
1356,5,759,429,51,105
1356,6,573,326,56,95
1357,2,1492,472,54,118
1357,3,946,265,40,94
1357,5,759,429,51,108
1357,6,576,325,54,96
1358,2,1491,472,55,118
1358,3,950,266,39,92
1358,5,760,430,51,109
1358,6,576,325,54,96
1359,2,1493,472,52,119
1359,3,950,268,44,90
1359,5,761,431,51,109
1359,6,586,325,44,96
1360,2,1492,473,53,118
1360,3,951,268,47,90
1360,5,761,432,52,109
1360,6,595,325,34,96
1361,2,1493,473,51,118
1361,3,951,270,48,89
1361,5,764,434,50,108
1361,6,595,325,35,96
1362,2,1492,473,51,117
1362,3,952,270,48,89
1362,5,763,436,52,107
1362,6,598,325,36,96
1363,2,1491,472,51,118
1363,3,954,271,47,90
1363,5,764,437,51,106
1363,6,600,324,40,97
1364,2,1490,472,50,118
1364,3,956,271,45,91
1364,5,767,435,50,109
1364,6,603,324,41,97
1365,2,1489,472,50,118
1365,3,958,271,43,91
1365,5,772,436,46,108
1365,6,607,325,44,96
1366,2,1488,471,50,119
1366,3,961,271,42,92
1366,5,775,436,44,109
1366,6,610,324,49,97
1367,2,1487,471,49,120
1367,3,967,270,40,93
1367,5,778,436,43,109
1367,6,611,325,53,96
1368,2,1486,470,48,121
1368,3,970,271,39,91
1368,5,779,437,45,109
1368,6,612,325,56,96
1369,2,1486,470,46,121
1369,3,972,270,40,92
1369,5,778,439,48,108
1369,6,611,325,55,96
1370,2,1486,471,44,120
1370,3,973,270,43,94
1370,5,780,439,49,108
1370,6,614,323,52,98
1371,2,1485,471,44,119
1371,3,974,271,44,93
1371,5,779,440,53,108
1371,6,616,323,49,97
1372,2,1484,470,45,120
1372,3,974,272,46,93
1372,5,778,440,57,109
1372,6,621,323,45,97
1373,2,1484,470,44,120
1373,3,974,273,49,93
1373,5,779,440,59,110
1373,6,624,322,41,97
1374,2,1483,470,44,120
1374,3,975,274,50,93
1374,5,785,441,56,110
1374,6,631,322,37,97
1375,2,1482,469,43,121
1375,3,975,275,52,93
1375,5,788,443,56,108
1375,6,637,321,33,97
1376,2,1482,469,40,120
1376,3,976,276,53,93
1376,5,793,443,55,108
1376,6,639,321,36,97
1377,2,1478,468,40,121
1377,3,978,276,52,94
1377,5,793,443,57,109
1377,6,643,321,37,97
1378,2,1478,467,36,121
1378,3,979,277,52,93
1378,5,801,443,52,110
1378,6,646,320,42,97
1379,2,1476,468,36,119
1379,3,982,277,51,93
1379,5,808,443,48,110
1379,6,642,322,52,95
1380,2,1474,468,37,118
1380,3,985,277,48,93
1380,5,812,444,46,110
1380,6,645,321,54,96
1381,2,1469,466,41,119
1381,3,989,277,45,93
1381,5,813,445,47,109
1381,6,645,322,57,95
1382,2,1461,466,49,118
1382,3,992,277,43,93
1382,5,815,445,48,110
1382,6,647,322,56,95
1383,2,1454,465,56,119
1383,3,994,277,43,93
1383,5,817,446,49,110
1383,6,648,322,56,94
1384,2,1448,466,61,117
1384,3,998,277,41,93
1384,5,816,447,52,110
1384,6,652,321,52,94
1385,2,1446,465,62,117
1385,3,1001,278,40,92
1385,5,816,448,54,110
1385,6,657,321,45,94
1386,2,1445,466,62,116
1386,3,1002,279,43,92
1386,4,1879,732,40,135
1386,5,816,449,57,109
1386,6,665,320,38,94
1387,2,1445,466,60,115
1387,3,1003,280,46,92
1387,4,1876,732,42,135
1387,5,819,449,56,109
1387,6,666,320,41,95
1388,2,1445,464,56,116
1388,3,1003,281,49,92
1388,4,1874,732,43,135
1388,5,823,450,53,108
1388,6,670,320,41,95
1389,2,1445,462,52,117
1389,3,1003,282,50,92
1389,4,1872,732,43,134
1389,5,830,450,46,108
1389,6,673,318,42,97
1390,2,1445,462,45,116
1390,3,1004,283,49,91
1390,4,1868,733,46,135
1390,5,838,451,40,107
1390,6,675,318,42,97
1391,2,1443,461,39,116
1391,3,1002,283,52,92
1391,4,1862,734,50,135
1391,5,842,450,39,109
1391,6,676,318,44,97
1392,2,1439,460,37,116
1392,3,1005,284,49,92
1392,4,1856,735,56,135
1392,5,848,451,36,108
1392,6,677,317,47,98
1393,2,1434,460,39,115
1393,3,1012,284,42,92
1393,4,1847,736,64,133
1393,5,851,452,37,108
1393,6,679,319,48,95
1394,2,1428,461,46,114
1394,3,1018,284,38,92
1394,4,1840,737,70,133
1394,5,854,451,39,109
1394,6,682,318,48,96
1395,2,1422,460,50,115
1395,3,1024,282,34,94
1395,4,1835,739,75,132
1395,5,855,452,45,108
1395,6,682,318,49,96
1396,2,1417,460,55,115
1396,3,1024,283,36,93
1396,4,1834,739,73,134
1396,5,856,453,51,108
1396,6,684,317,48,97
1397,2,1413,459,58,116
1397,3,1027,284,36,94
1397,4,1831,739,74,136
1397,5,856,453,55,108
1397,6,685,318,48,96
1398,2,1409,459,60,116
1398,3,1030,284,37,96
1398,4,1830,740,71,135
1398,5,857,454,56,108
1398,6,690,318,42,96
1399,2,1406,458,60,116
1399,3,1031,285,39,95
1399,4,1830,739,63,137
1399,5,859,454,55,108
1399,6,691,317,42,97
1400,2,1404,456,58,117
1400,3,1032,286,41,95
1400,4,1830,738,53,139
1400,5,862,456,54,106
1400,6,696,316,38,98
1401,2,1401,454,55,115
1401,3,1033,287,42,94
1401,4,1829,738,45,138
1401,5,866,455,51,107
1401,6,698,315,38,98
1402,2,1401,452,51,115
1402,3,1034,288,44,93
1402,4,1825,738,42,138
1402,5,870,454,47,108
1402,6,703,315,36,98
1403,2,1401,451,44,112
1403,3,1034,290,46,97
1403,4,1819,737,40,138
1403,5,875,453,44,110
1403,6,710,315,32,97
1404,2,1399,450,40,114
1404,3,1035,290,47,95
1404,4,1812,739,42,136
1404,5,879,454,44,110
1404,6,713,315,33,95
1405,2,1397,449,38,115
1405,3,1037,291,46,95
1405,4,1799,739,55,135
1405,5,886,455,42,110
1405,6,711,316,43,93
1406,2,1390,448,42,115
1406,3,1039,290,44,95
1406,4,1787,740,67,135
1406,5,890,455,43,110
1406,6,714,316,46,93
1407,2,1381,449,49,114
1407,3,1041,290,44,96
1407,4,1778,740,76,134
1407,5,892,457,45,109
1407,6,715,315,50,92
1408,2,1374,449,54,114
1408,3,1043,290,44,96
1408,4,1774,740,78,134
1408,5,894,457,49,110
1408,6,716,315,51,92
1409,2,1370,449,57,114
1409,3,1045,290,42,96
1409,4,1771,740,80,134
1409,5,894,458,53,110
1409,6,716,314,51,92
1410,2,1369,449,57,113
1410,3,1048,290,40,96
1410,4,1770,739,79,135
1410,5,896,459,54,110
1410,6,717,314,52,93
1411,2,1368,448,55,112
1411,3,1049,290,41,95
1411,4,1769,740,76,133
1411,5,899,460,55,110
1411,6,715,314,53,94
1412,2,1368,446,51,113
1412,3,1050,291,42,94
1412,4,1769,738,71,135
1412,5,902,460,55,110
1412,6,721,313,47,94
1413,2,1368,446,45,111
1413,3,1052,291,45,94
1413,4,1769,738,63,132
1413,5,905,461,54,110
1413,6,725,313,45,94
1414,2,1368,443,40,113
1414,3,1054,293,47,93
1414,4,1770,738,53,133
1414,5,909,461,51,110
1414,6,732,313,39,93
1415,2,1366,442,36,114
1415,3,1055,293,48,94
1415,4,1770,738,41,133
1415,5,914,461,47,110
1415,6,738,313,36,92
1416,2,1360,441,39,115
1416,3,1057,295,47,93
1416,4,1767,737,36,136
1416,5,920,461,42,110
1416,6,743,312,33,93
1417,2,1355,440,44,115
1417,3,1058,297,47,93
1417,4,1760,737,39,137
1417,5,925,461,40,110
1417,6,746,312,32,93
1418,2,1349,439,49,116
1418,3,1060,297,45,94
1418,4,1748,738,48,136
1418,5,930,462,37,109
1418,6,747,313,34,92
1419,2,1343,438,54,117
1419,3,1062,296,44,96
1419,4,1736,739,59,136
1419,5,932,463,39,109
1419,6,748,312,37,94
1420,2,1338,437,58,117
1420,3,1065,297,41,95
1420,4,1725,740,69,132
1420,5,933,463,45,109
1420,6,749,312,41,93
1421,2,1334,438,59,116
1421,3,1066,297,40,95
1421,4,1718,741,76,131
1421,5,933,464,51,109
1421,6,750,312,44,93
1422,2,1331,439,60,114
1422,3,1068,297,39,96
1422,4,1715,742,78,128
1422,5,936,465,52,108
1422,6,749,312,47,92
1423,2,1329,436,58,115
1423,3,1070,297,39,96
1423,4,1714,742,77,128
1423,5,936,465,55,108
1423,6,750,312,49,92
1424,2,1326,436,56,113
1424,3,1072,297,39,96
1424,4,1712,741,75,130
1424,5,937,466,56,107
1424,6,752,312,48,92
1425,2,1326,433,51,113
1425,3,1073,297,40,96
1425,4,1712,741,70,131
1425,5,940,467,54,107
1425,6,753,312,47,92
1426,2,1325,431,47,112
1426,3,1074,297,39,97
1426,4,1712,740,63,132
1426,5,944,467,50,107
1426,6,758,310,40,93
1427,2,1324,432,40,111
1427,3,1076,297,39,97
1427,4,1712,739,54,133
1427,5,949,467,46,107
1427,6,762,311,37,90
1428,2,1321,431,38,114
1428,3,1077,298,39,97
1428,4,1710,739,45,134
1428,5,955,468,43,107
1428,6,767,309,33,92
1429,2,1316,431,39,114
1429,3,1078,299,39,96
1429,4,1706,737,40,136
1429,5,962,467,41,109
1429,6,773,310,30,90
1430,2,1307,430,45,114
1430,3,1079,299,40,96
1430,4,1701,737,39,137
1430,5,968,469,39,107
1430,6,776,310,28,90
1431,2,1299,430,51,114
1431,3,1080,300,39,96
1431,4,1691,736,46,137
1431,5,968,469,42,108
1431,6,777,310,33,90
1432,2,1294,429,55,114
1432,3,1082,301,37,96
1432,4,1677,736,60,135
1432,5,970,469,45,109
1432,6,778,310,38,90
1433,2,1291,428,58,113
1433,3,1083,302,37,96
1433,4,1666,738,70,134
1433,5,971,470,47,109
1433,6,778,310,47,90
1434,2,1289,429,57,110
1434,3,1083,303,38,96
1434,4,1659,738,77,134
1434,5,973,472,50,108
1434,6,778,310,51,90
1435,2,1290,428,53,110
1435,3,1085,303,36,97
1435,4,1656,738,78,133
1435,5,976,472,49,109
1435,6,780,312,52,88
1436,2,1290,428,49,108
1436,3,1085,303,38,97
1436,4,1656,737,77,134
1436,5,979,473,48,109
1436,6,781,312,52,88
1437,2,1290,427,43,108
1437,3,1086,303,38,97
1437,4,1655,736,75,134
1437,5,981,473,48,109
1437,6,783,311,51,89
1438,2,1290,425,36,109
1438,3,1086,303,40,97
1438,4,1653,736,72,133
1438,5,986,473,45,110
1438,6,786,310,49,90
1439,2,1286,423,35,111
1439,3,1088,304,40,95
1439,4,1653,736,64,131
1439,5,989,472,43,111
1439,6,790,309,44,90
1440,2,1281,422,37,112
1440,3,1088,304,41,96
1440,4,1653,735,55,131
1440,5,994,473,40,110
1440,6,795,309,39,91
1441,2,1275,422,43,112
1441,3,1088,304,42,96
1441,4,1650,733,50,133
1441,5,998,473,38,110
1441,6,799,309,35,92
1442,2,1269,422,50,112
1442,3,1090,304,44,95
1442,4,1650,732,39,133
1442,5,1001,473,39,111
1442,6,805,309,33,92
1443,2,1263,421,56,113
1443,3,1090,304,47,96
1443,4,1646,732,38,133
1443,5,1005,474,38,110
1443,6,810,309,31,92
1444,2,1257,421,60,112
1444,3,1091,304,49,94
1444,4,1637,731,43,133
1444,5,1008,475,38,110
1444,6,811,309,35,92
1445,2,1254,420,61,113
1445,3,1091,305,51,94
1445,4,1625,732,54,132
1445,5,1010,476,43,110
1445,6,812,309,38,92
1446,2,1251,420,61,112
1446,3,1092,305,51,94
1446,4,1615,732,63,132
1446,5,1012,476,48,110
1446,6,814,309,40,92
1447,2,1249,419,59,112
1447,3,1094,306,49,94
1447,4,1605,732,72,133
1447,5,1012,477,53,110
1447,6,816,309,42,92
1448,2,1248,417,55,112
1448,3,1096,307,47,94
1448,4,1601,733,77,130
1448,5,1013,478,53,110
1448,6,817,309,45,92
1449,2,1246,417,52,111
1449,3,1098,307,44,95
1449,4,1597,733,79,129
1449,5,1016,479,52,109
1449,6,818,309,47,92
1450,2,1246,415,45,112
1450,3,1099,307,44,95
1450,4,1597,733,77,128
1450,5,1017,479,52,109
1450,6,819,309,48,92
1451,2,1246,413,40,114
1451,3,1101,307,42,97
1451,4,1598,731,72,130
1451,5,1020,479,50,109
1451,6,819,307,47,94
1452,2,1245,412,37,114
1452,3,1103,307,41,98
1452,4,1596,731,70,130
1452,5,1024,479,46,110
1452,6,822,306,45,94
1453,2,1240,411,39,114
1453,3,1105,307,41,97
1453,4,1595,730,64,131
1453,5,1029,479,44,110
1453,6,825,306,41,94
1454,2,1233,411,45,114
1454,3,1107,307,40,98
1454,4,1595,730,55,131
1454,5,1036,478,40,111
1454,6,830,306,36,93
1455,2,1225,412,50,112
1455,3,1108,307,41,97
1455,4,1595,728,45,133
1455,5,1038,479,43,111
1455,6,838,306,30,93
1456,2,1220,411,54,113
1456,3,1110,307,41,97
1456,4,1593,726,38,136
1456,5,1041,479,45,111
1456,6,841,305,29,92
1457,2,1220,411,53,112
1457,3,1110,307,41,98
1457,4,1589,727,35,135
1457,5,1043,480,48,112
1457,6,846,305,27,91
1458,2,1219,411,53,111
1458,3,1112,308,39,97
1458,4,1579,727,42,134
1458,5,1045,480,51,113
1458,6,847,305,32,91
1459,2,1219,410,50,110
1459,3,1112,307,40,98
1459,4,1565,728,56,133
1459,5,1047,482,52,112
1459,6,848,305,37,90
1460,2,1219,408,46,110
1460,3,1114,308,39,97
1460,4,1556,728,64,133
1460,5,1047,483,55,112
1460,6,849,304,43,91
1461,2,1219,408,41,108
1461,3,1115,308,39,97
1461,4,1549,728,71,132
1461,5,1049,484,56,112
1461,6,850,305,48,91
1462,2,1219,405,35,110
1462,3,1115,308,40,97
1462,4,1545,728,73,132
1462,5,1053,484,54,113
1462,6,849,305,50,91
1463,2,1218,405,33,109
1463,3,1116,309,39,98
1463,4,1544,727,74,132
1463,5,1056,485,53,112
1463,6,850,305,50,92
1464,2,1214,404,33,109
1464,3,1116,309,39,98
1464,4,1543,726,72,134
1464,5,1059,485,51,113
1464,6,850,306,50,91
1465,2,1210,403,34,110
1465,3,1117,310,38,98
1465,4,1543,726,69,132
1465,5,1061,486,49,112
1465,6,851,306,49,90
1466,2,1205,403,38,110
1466,3,1117,310,39,98
1466,4,1543,724,64,131
1466,5,1065,485,46,113
1466,6,855,305,46,91
1467,2,1200,404,43,109
1467,3,1118,310,39,99
1467,4,1543,722,58,132
1467,5,1070,485,43,113
1467,6,859,304,41,92
1468,2,1196,403,47,110
1468,3,1120,310,38,99
1468,4,1543,722,50,131
1468,5,1073,485,43,113
1468,6,865,304,36,91
1469,2,1192,402,48,111
1469,3,1119,311,40,99
1469,4,1541,721,43,131
1469,5,1077,486,42,113
1469,6,867,303,34,93
1470,2,1189,402,48,110
1470,3,1120,311,39,99
1470,4,1537,720,38,131
1470,5,1080,486,44,113
1470,6,873,302,28,94
1471,2,1186,401,48,108
1471,3,1120,312,40,99
1471,4,1532,720,39,132
1471,5,1083,486,47,113
1471,6,878,301,25,94
1472,2,1185,400,46,109
1472,3,1121,311,40,100
1472,4,1522,720,46,131
1472,5,1082,486,53,113
1472,6,880,302,28,94
1473,2,1183,398,43,110
1473,3,1120,311,42,100
1473,4,1510,721,57,129
1473,5,1083,487,57,112
1473,6,881,303,34,95
1474,2,1182,397,40,110
1474,3,1121,311,42,101
1474,4,1499,722,67,127
1474,5,1084,488,58,111
1474,6,882,303,40,94
1475,2,1180,396,39,108
1475,3,1120,311,44,99
1475,4,1493,723,73,126
1475,5,1085,488,57,111
1475,6,881,303,48,94
1476,2,1180,395,36,108
1476,3,1121,312,44,98
1476,4,1490,722,76,127
1476,5,1088,488,55,111
1476,6,884,303,46,94
1477,2,1178,394,37,109
1477,3,1121,312,46,98
1477,4,1489,723,76,126
1477,5,1090,487,54,112
1477,6,884,303,47,93
1478,2,1173,394,39,110
1478,3,1121,312,46,100
1478,4,1487,722,74,126
1478,5,1093,487,52,112
1478,6,883,303,48,93
1479,2,1165,393,45,111
1479,3,1122,312,46,99
1479,4,1487,721,70,128
1479,5,1100,485,46,114
1479,6,887,303,45,94
1480,2,1158,394,50,108
1480,3,1122,311,47,99
1480,4,1487,720,63,128
1480,5,1108,485,39,114
1480,6,889,303,43,92
1481,2,1155,394,52,109
1481,3,1123,311,48,99
1481,4,1487,720,55,127
1481,5,1112,485,37,114
1481,6,894,303,36,90
1482,2,1154,393,52,108
1482,3,1123,311,49,99
1482,4,1487,718,46,129
1482,5,1116,485,35,115
1482,6,898,303,33,90
1483,2,1153,393,51,106
1483,3,1124,312,49,98
1483,4,1487,716,38,133
1483,5,1120,485,35,115
1483,6,902,303,33,89
1484,2,1154,394,48,103
1484,3,1125,312,49,97
1484,4,1483,717,34,132
1484,5,1122,485,38,115
1484,6,908,303,32,89
1485,2,1154,392,45,104
1485,3,1126,312,49,97
1485,4,1474,718,40,131
1485,5,1124,484,41,116
1485,6,909,304,32,89
1486,2,1153,390,45,106
1486,3,1128,312,48,98
1486,4,1463,717,48,132
1486,5,1125,484,43,116
1486,6,911,304,32,89
1487,2,1151,389,45,107
1487,3,1129,312,48,99
1487,4,1451,717,61,131
1487,5,1126,484,45,116
1487,6,913,304,34,90
1488,2,1150,388,41,108
1488,3,1130,312,48,99
1488,4,1443,717,68,131
1488,5,1128,484,45,116
1488,6,913,304,41,90
1489,2,1148,389,39,108
1489,3,1132,312,47,99
1489,4,1438,717,72,131
1489,5,1128,484,46,114
1489,6,913,304,47,90
1490,2,1149,388,35,108
1490,3,1133,312,46,98
1490,4,1436,717,72,131
1490,5,1133,484,43,114
1490,6,914,304,48,91
1491,2,1145,388,37,108
1491,3,1133,312,47,98
1491,4,1434,717,74,131
1491,5,1134,483,43,113
1491,6,915,304,49,91
1492,2,1143,387,37,108
1492,3,1133,312,48,97
1492,4,1433,716,72,130
1492,5,1135,481,42,115
1492,6,914,304,51,91
1493,2,1142,387,37,108
1493,3,1133,312,48,97
1493,4,1431,714,67,130
1493,5,1140,481,39,113
1493,6,916,304,49,91
1494,2,1140,386,38,108
1494,3,1132,311,49,98
1494,4,1434,713,57,130
1494,5,1141,480,41,113
1494,6,919,304,45,91
1495,2,1138,385,38,108
1495,3,1132,311,49,98
1495,4,1433,712,50,131
1495,5,1145,480,39,113
1495,6,924,305,39,90
1496,2,1136,385,39,108
1496,3,1132,311,48,98
1496,4,1433,712,41,128
1496,5,1146,480,41,113
1496,6,929,305,35,89
1497,2,1134,384,42,108
1497,3,1131,311,49,98
1497,4,1429,711,36,131
1497,5,1147,479,44,112
1497,6,933,304,33,90
1498,2,1131,383,45,109
1498,3,1130,311,49,96
1498,4,1424,710,38,132
1498,5,1150,481,47,110
1498,6,936,304,32,91
1499,2,1130,382,47,111
1499,3,1131,311,48,96
1499,4,1413,710,49,131
1499,5,1152,482,51,110
1499,6,938,304,32,91
1500,2,1129,381,47,110
1500,3,1130,311,49,96
1500,4,1406,711,54,130
1500,5,1152,482,55,112
1500,6,939,303,32,92
1501,2,1128,381,49,108
1501,3,1130,310,49,98
1501,4,1402,712,55,128
1501,5,1151,482,59,112
1501,6,941,303,32,92
1502,2,1131,379,45,108
1502,3,1128,310,51,97
1502,4,1402,713,52,126
1502,5,1153,482,59,112
1502,6,944,303,34,92
1503,2,1129,379,48,107
1503,3,1130,311,47,96
1503,4,1400,713,52,124
1503,5,1152,482,60,112
1503,6,944,303,40,93
1504,2,1127,377,50,107
1504,3,1131,310,45,99
1504,4,1395,716,53,121
1504,5,1153,481,59,113
1504,6,945,303,45,92
1505,2,1129,377,47,107
1505,3,1130,310,45,99
1505,4,1388,719,57,118
1505,5,1155,481,58,113
1505,6,947,303,45,92
1506,2,1131,376,46,108
1506,3,1131,310,43,99
1506,4,1377,723,66,114
1506,5,1161,481,52,114
1506,6,948,303,44,93
1507,2,1133,376,45,108
1507,3,1128,310,46,98
1507,4,1370,726,73,110
1507,5,1164,480,50,114
1507,6,948,304,46,92
1508,2,1133,376,45,107
1508,3,1129,310,44,97
1508,4,1365,728,77,108
1508,5,1167,480,49,113
1508,6,948,306,46,90
1509,2,1134,375,45,108
1509,3,1129,310,43,97
1509,4,1361,729,80,108
1509,5,1168,479,49,114
1509,6,950,304,44,91
1510,2,1134,374,45,108
1510,3,1130,310,41,97
1510,4,1355,731,82,108
1510,5,1171,478,48,114
1510,6,953,304,43,91
1511,2,1135,374,44,108
1511,3,1130,310,40,98
1511,4,1349,732,81,107
1511,5,1172,478,49,114
1511,6,954,304,42,91
1512,2,1135,373,45,108
1512,3,1130,310,39,96
1512,4,1339,734,79,103
1512,5,1174,478,49,114
1512,6,956,304,40,91
1513,2,1136,374,45,106
1513,3,1129,310,40,97
1513,4,1326,736,79,103
1513,5,1176,478,51,113
1513,6,957,303,39,92
1514,2,1138,372,45,107
1514,3,1128,310,41,97
1514,4,1315,739,75,100
1514,5,1179,477,51,114
1514,6,957,303,39,92
1515,2,1136,373,47,107
1515,3,1128,310,39,98
1515,4,1309,736,76,102
1515,5,1179,477,54,114
1515,6,958,303,37,92
1516,2,1136,372,47,107
1516,3,1128,310,39,98
1516,4,1304,734,78,104
1516,5,1182,477,52,114
1516,6,958,303,36,93
1517,2,1138,371,45,108
1517,3,1128,310,39,98
1517,4,1299,733,80,108
1517,5,1182,477,53,114
1517,6,959,303,35,93
1518,2,1141,371,42,108
1518,3,1127,310,40,98
1518,4,1292,730,81,116
1518,5,1186,477,50,114
1518,6,959,303,35,93
1519,2,1140,371,45,108
1519,3,1127,310,39,98
1519,4,1286,731,79,116
1519,5,1188,477,48,114
1519,6,959,303,35,93
1520,2,1142,371,44,108
1520,3,1126,310,40,98
1520,4,1282,733,76,119
1520,5,1190,482,48,109
1520,6,959,303,35,93
1521,2,1143,371,44,108
1521,3,1126,311,39,96
1521,4,1276,735,71,119
1521,5,1192,479,48,112
1521,6,960,303,34,92
1522,2,1144,371,43,108
1522,3,1126,310,39,98
1522,4,1269,735,63,120
1522,5,1192,477,48,114
1522,6,960,303,34,91
1523,2,1143,371,46,108
1523,3,1124,310,42,98
1523,4,1259,735,56,120
1523,5,1195,476,47,115
1523,6,960,303,35,91
1524,2,1143,371,46,108
1524,3,1124,310,40,98
1524,4,1247,734,59,121
1524,5,1196,475,47,115
1524,6,960,303,35,91
1525,2,1143,371,47,108
1525,3,1125,310,39,98
1525,4,1238,734,61,126
1525,5,1197,475,47,115
1525,6,959,303,36,92
1526,2,1142,371,49,108
1526,3,1125,310,39,98
1526,4,1229,734,65,130
1526,5,1199,475,46,114
1526,6,955,303,41,93
1527,2,1141,371,51,109
1527,3,1124,310,39,98
1527,4,1217,735,68,130
1527,5,1200,475,47,114
1527,6,954,303,41,93
1528,2,1141,371,52,108
1528,3,1124,310,38,98
1528,4,1205,737,71,130
1528,5,1202,475,45,113
1528,6,953,303,42,93
1529,2,1144,369,48,110
1529,3,1124,310,40,99
1529,4,1196,741,68,130
1529,5,1202,475,48,113
1529,6,954,303,40,93
1530,2,1145,367,48,110
1530,3,1125,309,38,100
1530,4,1192,744,60,129
1530,5,1202,475,50,113
1530,6,954,303,39,93
1531,2,1147,365,47,111
1531,3,1125,309,38,100
1531,4,1189,747,52,128
1531,5,1204,475,50,113
1531,6,953,304,40,92
1532,2,1146,366,49,108
1532,3,1124,309,38,99
1532,4,1180,748,53,127
1532,5,1206,475,50,113
1532,6,952,304,41,93
1533,2,1148,366,46,107
1533,3,1124,309,38,98
1533,4,1167,748,59,127
1533,5,1208,476,49,112
1533,6,951,304,42,92
1534,2,1150,366,44,107
1534,3,1124,309,38,98
1534,4,1152,749,67,127
1534,5,1209,476,50,111
1534,6,950,304,43,94
1535,2,1151,364,44,107
1535,3,1123,309,39,99
1535,4,1139,751,72,125
1535,5,1208,476,51,112
1535,6,948,305,45,93
1536,2,1150,363,47,105
1536,3,1123,309,40,98
1536,4,1129,754,76,126
1536,5,1208,477,51,111
1536,6,947,305,45,92
1537,2,1152,363,45,107
1537,3,1122,309,42,98
1537,4,1121,758,76,126
1537,5,1209,477,52,111
1537,6,946,305,43,91
1538,2,1153,363,46,107
1538,3,1121,309,44,98
1538,4,1119,762,72,129
1538,5,1211,478,50,110
1538,6,946,305,40,91
1539,2,1154,362,46,107
1539,3,1121,310,46,98
1539,4,1116,765,67,130
1539,5,1209,478,53,110
1539,6,946,305,39,91
1540,2,1155,361,47,109
1540,3,1121,310,46,97
1540,4,1114,766,65,133
1540,5,1208,478,56,109
1540,6,945,305,40,92
1541,2,1155,362,47,107
1541,3,1121,310,45,97
1541,4,1110,768,66,133
1541,5,1208,479,58,108
1541,6,945,306,39,91
1542,2,1156,362,48,107
1542,3,1122,310,44,99
1542,4,1104,770,67,131
1542,5,1209,479,60,108
1542,6,945,306,38,92
1543,2,1157,363,47,105
1543,3,1123,310,43,99
1543,4,1096,769,70,132
1543,5,1210,480,63,107
1543,6,945,307,37,91
1544,2,1159,362,46,106
1544,3,1124,310,42,99
1544,4,1089,769,71,132
1544,5,1213,480,63,107
1544,6,945,308,37,92
1545,2,1159,362,47,104
1545,3,1125,310,39,99
1545,4,1084,768,72,133
1545,5,1216,480,62,107
1545,6,943,308,38,93
1546,2,1161,361,47,105
1546,3,1125,310,39,99
1546,4,1079,769,72,132
1546,5,1217,480,63,107
1546,6,940,308,40,93
1547,2,1161,361,47,104
1547,3,1125,311,39,98
1547,4,1075,770,72,130
1547,5,1218,480,63,108
1547,6,939,309,41,94
1548,2,1160,360,50,107
1548,3,1125,311,39,98
1548,4,1072,772,69,130
1548,5,1219,480,64,108
1548,6,939,309,40,94
1549,2,1160,360,50,106
1549,3,1124,311,41,98
1549,4,1072,773,65,130
1549,5,1224,480,59,108
1549,6,939,310,39,94
1550,2,1160,360,52,106
1550,3,1123,311,44,98
1550,4,1075,774,63,129
1550,5,1226,480,59,108
1550,6,939,310,39,94
1551,2,1163,360,49,105
1551,3,1122,311,45,98
1551,4,1076,776,63,125
1551,5,1228,481,57,108
1551,6,939,311,38,93
1552,2,1161,360,53,104
1552,3,1121,311,46,98
1552,4,1073,777,62,125
1552,5,1229,482,56,108
1552,6,940,310,36,95
1553,2,1161,359,53,105
1553,3,1121,311,46,98
1553,4,1073,778,64,125
1553,5,1231,484,56,107
1553,6,940,310,35,95
1554,2,1160,358,56,106
1554,3,1122,310,45,99
1554,4,1074,776,60,128
1554,5,1232,484,55,108
1554,6,938,310,37,95
1555,2,1160,358,57,106
1555,3,1122,310,45,99
1555,4,1073,775,59,129
1555,5,1234,486,55,106
1555,6,937,310,36,94
1556,2,1162,358,55,106
1556,3,1122,310,45,99
1556,4,1074,774,56,133
1556,5,1235,487,54,106
1556,6,936,311,37,94
1557,2,1161,357,56,107
1557,3,1122,310,45,99
1557,4,1071,772,58,136
1557,5,1237,488,53,106
1557,6,934,311,38,94
1558,2,1164,357,53,107
1558,3,1122,310,45,99
1558,4,1071,770,54,139
1558,5,1238,489,53,105
1558,6,934,311,37,94
1559,2,1164,357,52,107
1559,3,1123,311,44,98
1559,4,1068,771,55,139
1559,5,1239,490,53,105
1559,6,934,310,37,95
1560,2,1165,357,50,107
1560,3,1123,311,45,98
1560,4,1067,770,52,139
1560,5,1242,492,51,103
1560,6,933,310,37,95
1561,2,1165,357,48,107
1561,3,1123,310,45,99
1561,4,1068,770,50,138
1561,5,1245,494,52,101
1561,6,933,311,36,95
1562,2,1164,356,48,108
1562,3,1123,310,46,99
1562,4,1066,769,51,138
1562,5,1248,495,56,100
1562,6,933,311,36,95
1563,2,1164,357,47,107
1563,3,1124,310,45,99
1563,4,1066,768,48,140
1563,5,1248,497,57,98
1563,6,931,311,37,95
1564,2,1163,356,46,107
1564,3,1124,310,45,99
1564,4,1065,769,49,139
1564,5,1246,500,61,95
1564,6,931,310,37,95
1565,2,1161,356,48,107
1565,3,1124,310,46,99
1565,4,1065,768,46,140
1565,5,1246,501,61,95
1565,6,929,310,39,95
1566,2,1161,356,48,107
1566,3,1125,310,45,99
1566,4,1065,765,45,142
1566,5,1246,501,62,95
1566,6,928,310,40,95
1567,2,1163,356,46,107
1567,3,1125,310,44,99
1567,4,1064,762,45,144
1567,5,1244,501,65,96
1567,6,927,311,41,94
1568,2,1163,356,46,106
1568,3,1125,310,45,99
1568,4,1060,760,47,143
1568,5,1244,500,64,97
1568,6,925,312,42,92
1569,2,1162,355,47,107
1569,3,1126,309,44,99
1569,4,1056,759,48,142
1569,5,1237,498,69,99
1569,6,925,312,42,92
1570,2,1159,355,50,106
1570,3,1127,309,43,99
1570,4,1050,760,45,141
1570,5,1230,497,74,100
1570,6,924,312,43,91
1571,2,1161,354,49,106
1571,3,1127,309,44,99
1571,4,1046,760,43,140
1571,5,1224,497,74,100
1571,6,924,313,43,90
1572,2,1160,353,52,107
1572,3,1128,311,45,97
1572,4,1039,760,52,140
1572,5,1217,497,72,100
1572,6,924,315,42,86
1573,2,1158,354,56,105
1573,3,1128,311,45,96
1573,4,1032,760,59,140
1573,5,1212,496,69,101
1573,6,924,315,41,87
1574,2,1155,354,60,105
1574,3,1128,310,45,97
1574,4,1028,760,62,141
1574,5,1207,496,67,102
1574,6,921,317,44,85
1575,2,1155,353,63,106
1575,3,1130,310,45,97
1575,4,1026,759,62,141
1575,5,1204,496,65,103
1575,6,919,319,44,83
1576,2,1160,352,60,107
1576,3,1131,310,47,97
1576,4,1026,758,56,140
1576,5,1200,497,64,103
1576,6,917,320,49,82
1577,2,1169,350,53,106
1577,3,1132,311,49,96
1577,4,1025,755,54,141
1577,5,1196,499,63,102
1577,6,917,323,53,79
1578,2,1172,350,51,107
1578,3,1133,311,49,97
1578,4,1019,753,60,138
1578,5,1193,501,61,100
1578,6,917,325,57,77
1579,2,1173,349,51,106
1579,3,1134,311,51,97
1579,4,1019,751,56,140
1579,5,1189,503,60,99
1579,6,916,325,63,76
1580,2,1173,349,53,106
1580,3,1134,311,52,97
1580,4,1019,750,54,142
1580,5,1181,505,62,97
1580,6,918,323,68,80
1581,2,1174,352,55,104
1581,3,1133,312,56,96
1581,4,1015,748,58,144
1581,5,1171,506,67,96
1581,6,920,322,71,79
1582,2,1173,356,59,100
1582,3,1134,313,59,94
1582,4,1012,748,54,143
1582,5,1165,507,68,95
1582,6,927,322,72,79
1583,2,1172,357,63,101
1583,3,1134,316,61,91
1583,4,1008,747,60,142
1583,5,1161,508,66,94
1583,6,935,323,70,78
1584,2,1174,358,62,99
1584,3,1134,316,64,93
1584,4,1007,747,60,141
1584,5,1159,507,66,95
1584,6,943,325,68,77
1585,2,1174,360,63,99
1585,3,1135,316,67,93
1585,4,1009,747,57,141
1585,5,1154,506,69,96
1585,6,948,327,69,76
1586,2,1175,361,62,97
1586,3,1137,318,68,91
1586,4,1009,747,54,140
1586,5,1155,503,66,99
1586,6,952,327,69,78
1587,2,1177,361,61,97
1587,3,1144,318,64,89
1587,4,1007,746,53,139
1587,5,1153,500,68,101
1587,6,956,328,68,78
1588,2,1182,361,55,98
1588,3,1153,319,62,87
1588,4,1006,745,52,138
1588,5,1154,497,66,102
1588,6,962,329,64,79
1589,2,1188,361,50,99
1589,3,1160,319,58,87
1589,4,1008,743,49,136
1589,5,1155,493,62,106
1589,6,971,330,58,79
1590,2,1192,363,47,100
1590,3,1165,318,59,92
1590,4,1008,741,49,132
1590,5,1154,490,61,108
1590,6,984,331,49,78
1591,2,1193,366,49,97
1591,3,1168,318,60,89
1591,4,1009,740,47,130
1591,5,1152,487,61,111
1591,6,995,331,43,78
1592,2,1194,366,50,98
1592,3,1172,316,60,89
1592,4,1009,739,44,131
1592,5,1152,485,59,112
1592,6,998,330,47,79
1593,2,1196,366,53,100
1593,3,1179,318,58,85
1593,4,1010,736,40,134
1593,5,1150,483,59,114
1593,6,1003,328,51,80
1594,2,1197,368,56,97
1594,3,1185,320,56,82
1594,4,1012,735,37,132
1594,5,1148,484,63,113
1594,6,1006,327,58,81
1595,2,1197,368,57,97
1595,3,1196,320,50,84
1595,4,1015,733,37,130
1595,5,1147,485,66,112
1595,6,1015,325,61,82
1596,2,1198,365,55,100
1596,3,1201,320,49,87
1596,4,1014,732,37,128
1596,5,1147,486,68,113
1596,6,1026,326,58,81
1597,2,1201,363,56,102
1597,3,1202,320,53,90
1597,4,1015,732,39,124
1597,5,1146,486,69,112
1597,6,1041,326,53,82
1598,2,1204,360,59,103
1598,3,1204,318,58,92
1598,4,1013,732,44,122
1598,5,1145,485,70,113
1598,6,1052,324,58,85
1599,2,1209,358,58,102
1599,3,1206,316,64,94
1599,4,1015,732,45,119
1599,5,1148,484,65,113
1599,6,1057,324,66,87
1600,2,1215,358,56,100
1600,3,1210,316,68,93
1600,4,1016,731,49,121
1600,5,1148,483,64,114
1600,6,1060,323,71,86
1601,2,1223,357,53,101
1601,3,1217,314,67,93
1601,4,1015,731,53,121
1601,5,1150,481,61,116
1601,6,1068,323,74,83
1602,2,1230,355,50,101
1602,3,1225,313,64,92
1602,4,1016,729,53,121
1602,5,1154,480,56,117
1602,6,1078,323,69,84
1603,2,1234,353,51,101
1603,3,1231,312,65,94
1603,4,1014,727,58,130
1603,5,1156,479,52,119
1603,6,1093,323,61,86
1604,2,1236,353,53,103
1604,3,1241,310,62,94
1604,4,1016,726,60,132
1604,5,1161,478,46,120
1604,6,1111,323,56,86
1605,2,1240,349,55,103
1605,3,1247,307,62,97
1605,4,1016,724,62,129
1605,5,1165,477,41,120
1605,6,1119,323,61,85
1606,2,1244,349,58,101
1606,3,1250,306,64,95
1606,4,1016,722,61,130
1606,5,1167,476,41,120
1606,6,1124,321,65,87
1607,2,1246,350,62,101
1607,3,1253,304,64,95
1607,4,1013,720,64,132
1607,5,1166,476,43,119
1607,6,1132,319,66,87
1608,2,1252,353,62,98
1608,3,1257,305,62,91
1608,4,1013,719,64,135
1608,5,1171,476,41,118
1608,6,1140,317,64,85
1609,2,1265,352,50,100
1609,3,1263,305,57,88
1609,4,1011,718,65,137
1609,5,1171,477,44,117
1609,6,1154,316,55,85
1610,2,1270,352,49,100
1610,3,1271,306,50,84
1610,4,1006,717,68,137
1610,5,1173,476,47,117
1610,6,1169,316,51,85
1611,2,1278,350,47,101
1611,3,1277,305,49,82
1611,4,1007,717,65,137
1611,5,1172,476,51,116
1611,6,1178,315,60,86
1612,2,1283,347,47,105
1612,3,1283,303,48,80
1612,4,1005,717,68,136
1612,5,1174,476,52,115
1612,6,1182,314,69,85
1613,2,1288,345,47,107
1613,3,1287,301,49,75
1613,4,1004,716,69,136
1613,5,1176,474,54,117
1613,6,1190,313,72,84
1614,2,1290,343,49,108
1614,3,1290,300,49,75
1614,4,1005,716,65,135
1614,5,1175,473,58,117
1614,6,1202,313,67,84
1615,2,1293,341,49,110
1615,3,1294,300,49,78
1615,4,1005,715,64,135
1615,5,1177,472,58,117
1615,6,1219,314,59,86
1616,2,1296,341,49,108
1616,3,1296,299,50,81
1616,4,1005,713,64,136
1616,5,1180,470,57,117
1616,6,1234,314,58,86
1617,2,1300,340,46,108
1617,3,1300,299,48,82
1617,4,1005,711,63,135
1617,5,1184,467,55,118
1617,6,1245,313,61,87
1618,2,1303,341,44,106
1618,3,1309,299,40,83
1618,4,1006,710,62,132
1618,5,1189,466,52,118
1618,6,1253,310,58,88
1619,2,1307,342,43,103
1619,3,1317,296,36,83
1619,4,1009,709,58,130
1619,5,1194,464,48,119
1619,6,1264,309,56,84
1620,2,1312,341,39,102
1620,3,1324,294,33,86
1620,4,1012,706,53,132
1620,5,1195,462,49,120
1620,6,1280,307,51,85
1621,2,1317,340,37,102
1621,3,1332,294,31,86
1621,4,1011,704,54,134
1621,5,1198,460,47,121
1621,6,1302,307,41,80
1622,2,1321,336,36,105
1622,3,1333,293,38,79
1622,4,1011,702,55,133
1622,5,1199,459,47,121
1622,6,1312,310,50,80
1623,2,1322,336,37,104
1623,3,1338,292,36,79
1623,4,1010,701,56,135
1623,5,1201,460,47,119
1623,6,1326,309,53,79
1624,2,1325,336,36,105
1624,4,1008,702,59,133
1624,5,1202,460,49,118
1624,6,1339,306,53,79
1625,2,1328,335,37,105
1625,3,1331,295,61,80
1625,4,1007,702,61,132
1625,5,1203,459,49,118
1625,6,1349,305,55,81
1626,2,1331,334,39,106
1626,3,1325,297,81,79
1626,4,1006,702,60,131
1626,5,1204,459,49,117
1626,6,1361,305,54,84
1627,2,1331,334,43,106
1627,3,1330,297,78,81
1627,4,1004,701,62,132
1627,5,1207,458,46,118
1627,6,1380,306,52,84
1628,2,1334,335,42,104
1628,3,1336,296,72,83
1628,4,1002,701,63,132
1628,5,1208,458,45,117
1628,6,1390,305,55,84
1629,2,1336,336,41,102
1629,3,1341,296,71,83
1629,4,1000,700,64,133
1629,5,1209,455,43,119
1629,6,1367,299,59,87
1630,2,1338,335,38,103
1630,4,999,698,64,134
1630,5,1210,454,40,119
1630,6,1360,296,55,87
1631,2,1340,331,38,105
1631,4,998,697,65,131
1631,5,1212,453,37,118
1631,6,1363,295,50,86
1631,7,1422,303,56,78
1632,2,1341,331,39,103
1632,4,997,692,66,134
1632,5,1212,452,37,116
1632,6,1369,292,43,88
1632,7,1443,304,42,79
1633,2,1343,330,40,103
1633,4,996,690,63,133
1633,5,1213,452,36,114
1633,6,1375,289,38,92
1633,7,1458,306,40,79
1634,2,1343,329,43,103
1634,3,1459,306,65,79
1634,4,995,689,61,136
1634,5,1214,451,37,114
1634,6,1373,288,41,94
1634,7,1458,306,40,79
1635,2,1346,327,36,105
1635,3,1474,308,72,77
1635,4,995,688,59,133
1635,5,1216,451,36,113
1635,6,1376,286,39,95
1636,2,1346,328,36,105
1636,3,1490,309,76,76
1636,4,995,686,56,134
1636,5,1217,450,36,114
1636,6,1376,284,41,96
1637,2,1345,325,46,106
1637,3,1510,311,69,76
1637,4,994,685,53,134
1637,5,1218,449,35,114
1637,6,1378,283,41,97
1638,2,1345,326,48,106
1638,3,1521,311,68,76
1638,4,993,684,53,133
1638,5,1217,448,39,116
1638,6,1385,282,35,99
1638,7,1523,309,45,79
1639,2,1343,325,50,106
1639,4,988,684,55,133
1639,5,1218,448,38,113
1639,6,1391,283,31,96
1639,7,1542,309,36,78
1640,2,1343,325,48,106
1640,4,984,683,57,134
1640,5,1217,446,42,113
1640,6,1393,283,30,96
1640,7,1557,309,39,79
1641,2,1343,324,50,107
1641,4,980,683,59,134
1641,5,1220,445,43,112
1641,6,1394,283,31,98
1641,7,1568,310,47,80
1642,2,1344,324,49,106
1642,4,980,682,55,134
1642,5,1220,444,44,111
1642,6,1395,283,32,98
1642,7,1576,310,52,81
1643,2,1343,324,51,104
1643,4,980,682,52,131
1643,5,1220,442,47,113
1643,6,1396,281,32,98
1643,7,1585,311,47,79
1644,2,1344,321,51,104
1644,4,982,681,49,129
1644,5,1220,441,48,113
1644,6,1398,280,32,99
1644,7,1592,311,52,79
1645,2,1344,320,51,102
1645,4,982,679,47,128
1645,5,1219,440,51,114
1645,6,1397,278,34,99
1645,7,1598,310,61,80
1646,2,1346,319,49,103
1646,4,981,677,45,127
1646,5,1217,440,54,114
1646,6,1399,275,33,100
1646,7,1603,310,65,82
1647,2,1347,318,47,103
1647,4,978,675,45,127
1647,5,1216,439,56,116
1647,6,1403,272,30,101
1647,7,1610,311,65,83
1648,2,1348,317,46,102
1648,4,976,674,45,128
1648,5,1214,439,56,116
1648,6,1405,271,29,100
1648,7,1619,311,61,83
1649,2,1348,318,44,100
1649,4,972,673,46,129
1649,5,1213,438,57,116
1649,6,1407,270,29,102
1649,7,1629,314,55,80
1650,2,1348,317,44,101
1650,4,969,671,47,131
1650,5,1213,438,56,116
1650,6,1410,271,27,100
1650,7,1639,314,54,80
1651,2,1348,317,42,101
1651,4,967,670,46,132
1651,5,1213,437,55,116
1651,6,1410,272,27,99
1651,7,1647,315,57,79
1652,2,1350,317,40,101
1652,4,964,669,49,133
1652,5,1213,435,54,117
1652,6,1412,274,29,97
1652,7,1654,315,59,79
1653,2,1350,317,39,101
1653,4,961,669,52,133
1653,5,1213,434,53,116
1653,6,1413,277,29,94
1653,7,1662,315,56,80
1654,2,1350,316,39,102
1654,4,959,669,55,134
1654,5,1214,432,50,116
1654,6,1414,278,30,93
1654,7,1668,317,53,79
1655,2,1350,316,39,101
1655,4,956,668,57,135
1655,5,1215,431,48,116
1655,6,1416,280,31,91
1655,7,1673,317,49,81
1656,2,1350,314,40,103
1656,4,953,667,58,135
1656,5,1213,431,50,114
1656,6,1415,279,34,92
1656,7,1676,317,50,83
1657,2,1350,314,42,101
1657,4,952,666,58,133
1657,5,1214,430,49,114
1657,6,1417,278,35,93
1657,7,1679,316,51,86
1658,2,1350,311,43,103
1658,4,948,664,60,132
1658,5,1213,430,50,113
1658,6,1418,276,35,95
1658,7,1682,316,51,86
1659,2,1350,310,44,103
1659,4,949,663,56,131
1659,5,1212,430,53,112
1659,6,1419,274,36,95
1659,7,1684,316,50,86
1660,2,1350,309,46,103
1660,4,946,661,57,128
1660,5,1212,430,55,112
1660,6,1420,271,36,94
1660,7,1686,315,48,88
1661,2,1349,308,48,103
1661,4,944,659,55,129
1661,5,1212,429,56,111
1661,6,1421,268,37,95
1661,7,1688,314,49,89
1662,2,1348,308,49,102
1662,4,943,658,53,131
1662,5,1210,428,60,111
1662,6,1423,265,36,95
1662,7,1689,314,53,89
1663,2,1347,307,50,102
1663,4,942,657,50,131
1663,5,1210,427,60,109
1663,6,1425,262,37,97
1663,7,1690,313,53,90
1664,2,1346,307,51,102
1664,4,942,656,47,130
1664,5,1209,425,62,109
1664,6,1425,261,40,97
1664,7,1690,313,50,89
1665,2,1344,307,52,102
1665,4,937,655,50,131
1665,5,1207,424,62,108
1665,6,1426,260,42,96
1665,7,1691,313,45,88
1666,2,1343,307,51,102
1666,4,932,656,53,129
1666,5,1207,422,62,111
1666,6,1427,261,44,94
1666,7,1690,313,44,91
1667,2,1342,307,51,102
1667,4,928,655,58,130
1667,5,1206,421,62,109
1667,6,1427,262,46,94
1667,7,1690,314,43,92
1668,2,1341,306,51,102
1668,4,924,656,58,128
1668,5,1204,421,62,111
1668,6,1427,262,47,94
1668,7,1689,315,45,91
1669,2,1340,304,50,103
1669,4,922,655,58,128
1669,5,1204,420,60,112
1669,6,1426,263,48,92
1669,7,1688,316,46,91
1670,2,1339,303,49,102
1670,4,922,654,56,126
1670,5,1202,420,59,111
1670,6,1424,262,47,92
1670,7,1689,317,46,91
1671,2,1338,302,48,101
1671,4,924,653,53,124
1671,5,1200,419,58,111
1671,6,1423,261,46,93
1671,7,1688,318,47,92
1672,2,1337,301,48,101
1672,4,924,651,50,125
1672,5,1198,419,58,111
1672,6,1422,260,44,93
1672,7,1687,319,48,92
1673,2,1336,300,48,101
1673,4,920,650,48,124
1673,5,1196,418,56,110
1673,6,1420,259,43,91
1673,7,1685,319,47,92
1674,2,1334,299,47,101
1674,4,916,648,49,125
1674,5,1193,419,56,104
1674,6,1418,257,44,91
1674,7,1683,319,44,91
1675,2,1332,298,47,101
1675,4,912,646,50,127
1675,5,1189,418,57,107
1675,6,1418,255,42,92
1675,7,1682,319,40,91
1676,2,1331,298,47,100
1676,4,910,645,48,128
1676,5,1185,417,58,108
1676,6,1418,252,42,93
1676,7,1680,319,39,91
1677,2,1329,298,47,100
1677,4,907,644,48,128
1677,5,1181,415,59,109
1677,6,1417,249,42,95
1677,7,1677,319,37,91
1678,2,1327,298,46,100
1678,4,903,644,50,128
1678,5,1178,413,59,110
1678,6,1415,247,44,95
1678,7,1673,319,40,91
1679,2,1326,297,45,100
1679,4,900,644,50,128
1679,5,1175,411,59,111
1679,6,1413,246,48,93
1679,7,1670,320,42,91
1680,2,1324,297,45,98
1680,4,896,643,52,129
1680,5,1171,409,58,111
1680,6,1411,245,51,92
1680,7,1665,320,47,90
1681,2,1322,297,46,97
1681,4,893,643,57,129
1681,5,1168,408,58,110
1681,6,1410,245,53,90
1681,7,1659,321,52,91
1682,2,1320,295,46,99
1682,4,889,642,61,127
1682,5,1164,408,57,109
1682,6,1407,244,55,90
1682,7,1658,322,53,89
1683,2,1318,294,45,100
1683,4,888,637,58,131
1683,5,1162,407,54,109
1683,6,1407,242,53,90
1683,7,1655,323,56,87
1684,2,1316,292,45,101
1684,4,888,638,55,129
1684,5,1159,408,53,107
1684,6,1405,240,52,91
1684,7,1653,323,56,89
1685,2,1314,292,44,100
1685,4,886,639,53,125
1685,5,1158,407,49,107
1685,6,1404,237,52,91
1685,7,1650,322,53,90
1686,2,1312,291,42,101
1686,4,884,636,50,123
1686,5,1154,406,47,107
1686,6,1403,236,53,88
1686,7,1647,321,50,91
1687,2,1310,290,41,101
1687,4,883,634,47,123
1687,5,1151,405,45,104
1687,6,1402,234,54,86
1687,7,1644,320,48,91
1688,2,1304,290,44,100
1688,4,880,633,45,123
1688,5,1146,403,47,104
1688,6,1403,234,50,85
1688,7,1640,320,45,90
1689,2,1300,291,47,99
1689,4,878,632,45,125
1689,5,1141,401,50,103
1689,6,1404,233,49,85
1689,7,1637,321,40,89
1690,2,1297,290,49,100
1690,4,873,632,49,123
1690,5,1135,400,52,103
1690,6,1404,233,47,83
1690,7,1634,321,38,89
1691,2,1297,291,49,98
1691,4,867,633,54,123
1691,5,1131,400,52,102
1691,6,1402,232,45,81
1691,7,1630,321,42,89
1692,2,1297,290,46,98
1692,4,864,634,56,121
1692,5,1127,400,51,101
1692,6,1399,230,44,75
1692,7,1626,322,44,89
1693,2,1296,290,45,96
1693,4,860,633,60,121
1693,5,1121,400,50,102
1693,6,1399,225,41,79
1693,7,1622,322,49,88
1694,2,1293,288,45,97
1694,4,853,632,65,120
1694,5,1115,399,52,104
1694,6,1395,224,42,77
1694,7,1619,323,52,89
1695,2,1290,288,43,96
1695,4,850,632,67,117
1695,5,1109,399,53,104
1695,6,1392,222,40,78
1695,7,1616,323,53,91
1696,2,1287,286,40,97
1696,4,846,631,67,115
1696,5,1103,397,53,106
1696,6,1390,221,38,75
1696,7,1612,324,54,89
1697,2,1284,286,39,97
1697,4,842,630,66,114
1697,5,1097,395,53,107
1697,6,1388,220,37,73
1697,7,1609,324,50,90
1698,2,1281,285,40,98
1698,4,837,627,61,117
1698,5,1092,393,54,107
1698,6,1385,220,37,73
1698,7,1604,323,46,91
1699,2,1277,285,42,98
1699,4,832,624,57,120
1699,5,1087,392,55,107
1699,6,1383,219,34,73
1699,7,1600,322,43,90
1700,2,1273,286,44,97
1700,4,828,620,59,124
1700,5,1082,393,55,105
1700,6,1380,218,32,73
1700,7,1595,321,46,91
1701,2,1269,285,46,98
1701,4,822,617,60,124
1701,5,1077,394,52,103
1701,6,1375,215,37,80
1701,7,1591,321,47,91
1702,2,1266,285,47,98
1702,4,812,615,66,121
1702,5,1073,394,48,103
1702,6,1371,212,40,85
1702,7,1586,319,51,92
1703,2,1262,283,49,100
1703,4,809,612,67,122
1703,5,1069,394,43,103
1703,6,1366,211,44,85
1703,7,1581,318,52,91
1704,2,1260,283,49,99
1704,4,808,611,65,119
1704,5,1064,392,43,105
1704,6,1362,210,46,82
1704,7,1577,319,51,91
1705,2,1258,282,47,99
1705,4,801,611,64,120
1705,5,1057,390,47,106
1705,6,1357,210,48,80
1705,7,1573,320,47,91
1706,2,1256,281,44,99
1706,4,797,611,62,118
1706,5,1051,388,48,107
1706,6,1352,210,48,80
1706,7,1568,321,43,91
1707,2,1254,280,44,99
1707,4,794,611,54,117
1707,5,1043,387,53,107
1707,6,1346,211,47,80
1707,7,1563,321,39,91
1708,2,1253,278,38,100
1708,4,790,609,50,118
1708,5,1036,387,56,106
1708,6,1339,210,45,83
1708,7,1556,320,41,93
1709,2,1253,278,32,100
1709,4,782,606,55,120
1709,5,1031,388,55,104
1709,6,1334,209,42,84
1709,7,1552,319,41,94
1710,2,1249,279,32,98
1710,4,775,603,58,123
1710,5,1026,388,51,103
1710,6,1329,206,43,84
1710,7,1547,318,46,94
1711,2,1240,280,40,96
1711,4,769,600,62,123
1711,5,1019,388,49,102
1711,6,1324,203,44,87
1711,7,1541,318,50,93
1712,2,1231,279,48,97
1712,4,760,599,68,121
1712,5,1011,387,46,102
1712,6,1319,201,46,85
1712,7,1536,318,52,93
1713,2,1225,280,53,96
1713,4,755,596,70,120
1713,5,1004,384,48,104
1713,6,1314,199,46,87
1713,7,1532,318,49,95
1714,2,1222,279,56,96
1714,4,749,597,73,117
1714,5,995,381,53,106
1714,6,1310,199,46,87
1714,7,1528,319,45,95
1715,2,1220,278,56,96
1715,4,742,598,73,116
1715,5,989,380,54,107
1715,6,1304,198,45,84
1715,7,1520,321,43,93
1716,2,1219,278,55,95
1716,4,737,598,70,115
1716,5,981,379,57,107
1716,6,1300,198,40,79
1716,7,1514,320,41,93
1717,2,1218,278,52,95
1717,4,731,597,65,115
1717,5,973,380,60,106
1717,6,1295,197,36,82
1717,7,1507,318,43,94
1718,2,1219,277,45,96
1718,4,724,594,58,118
1718,5,969,381,57,105
1718,6,1288,195,38,80
1718,7,1503,317,44,95
1719,2,1217,275,40,97
1719,4,719,591,55,121
1719,5,965,382,51,104
1719,6,1282,193,40,83
1719,7,1497,316,49,94
1720,2,1213,275,36,96
1720,4,714,587,57,124
1720,5,960,382,45,104
1720,6,1275,192,45,82
1720,7,1491,315,49,94
1721,2,1209,274,32,97
1721,4,708,584,59,125
1721,5,952,382,41,103
1721,6,1265,190,52,83
1721,7,1484,317,51,91
1722,2,1203,274,36,97
1722,4,702,582,62,124
1722,5,944,379,44,106
1722,6,1258,190,55,81
1722,7,1481,318,48,91
1723,2,1198,274,39,97
1723,4,695,581,63,120
1723,5,937,377,47,108
1723,6,1254,191,51,81
1723,7,1475,319,44,91
1724,2,1192,275,44,96
1724,4,682,581,70,121
1724,5,928,376,53,108
1724,6,1248,191,48,83
1724,7,1469,319,40,91
1725,2,1186,275,49,96
1725,4,680,582,64,119
1725,5,918,375,58,108
1725,6,1241,191,45,83
1725,7,1464,319,38,92
1726,2,1182,276,53,95
1726,4,676,581,56,118
1726,5,910,376,62,106
1726,6,1234,190,44,84
1726,7,1459,317,40,93
1727,2,1179,275,53,95
1727,4,671,580,49,117
1727,5,905,376,59,105
1727,6,1228,187,42,88
1727,7,1453,316,43,94
1728,2,1176,275,53,95
1728,4,665,577,48,119
1728,5,901,377,53,103
1728,6,1222,184,41,86
1728,7,1444,315,48,94
1729,2,1173,275,50,94
1729,4,658,574,53,122
1729,5,894,377,51,102
1729,6,1216,182,43,86
1729,7,1433,315,55,93
1730,2,1170,275,45,94
1730,4,653,572,55,123
1730,5,886,376,48,102
1730,6,1209,181,48,83
1730,7,1427,315,55,94
1731,2,1166,274,41,94
1731,4,645,569,59,121
1731,5,879,375,47,102
1731,6,1204,181,49,82
1731,7,1425,317,48,92
1732,2,1161,273,39,95
1732,4,634,569,66,117
1732,5,872,373,49,104
1732,6,1199,181,47,82
1732,7,1419,319,43,90
1733,2,1157,272,41,96
1733,4,627,570,69,113
1733,5,866,371,52,106
1733,6,1193,182,42,82
1733,7,1411,319,40,90
1734,2,1152,273,44,95
1734,4,624,569,66,115
1734,5,858,369,56,107
1734,6,1187,181,37,82
1734,7,1405,317,40,92
1735,2,1147,272,48,96
1735,4,616,569,64,115
1735,5,849,369,59,106
1735,6,1181,179,37,83
1735,7,1399,316,44,94
1736,2,1141,272,55,96
1736,4,607,568,62,116
1736,5,845,370,56,104
1736,6,1174,177,40,85
1736,7,1393,314,47,94
1737,2,1137,273,54,93
1737,4,600,565,56,119
1737,5,840,371,51,102
1737,6,1168,176,44,85
1737,7,1385,314,50,93
1738,2,1133,273,54,94
1738,3,1156,174,54,84
1738,4,594,562,54,122
1738,5,835,372,46,101
1738,6,1162,175,45,85
1738,7,1375,314,55,91
1739,2,1128,273,53,94
1739,3,1148,174,56,82
1739,4,590,558,52,124
1739,5,828,371,42,102
1739,7,1372,315,52,92
1740,2,1123,273,50,94
1740,3,1144,175,53,81
1740,4,584,555,55,126
1740,5,821,371,42,102
1740,7,1371,317,45,90
1741,2,1118,271,48,96
1741,3,1141,176,47,81
1741,4,576,553,58,124
1741,5,813,368,46,105
1741,7,1365,317,39,89
1742,2,1113,271,46,96
1742,3,1134,175,43,82
1742,4,569,552,61,122
1742,5,804,366,51,107
1742,7,1358,316,35,90
1743,2,1107,269,49,98
1743,3,1127,175,39,82
1743,4,566,552,58,121
1743,5,793,366,58,107
1743,7,1352,314,38,93
1744,2,1102,267,50,98
1744,3,1119,173,41,84
1744,4,561,553,54,120
1744,5,785,367,61,105
1744,7,1345,313,41,94
1745,2,1097,267,52,97
1745,3,1113,171,42,85
1745,4,555,554,49,116
1745,5,779,368,61,103
1745,7,1336,313,47,93
1746,2,1092,267,53,95
1746,3,1107,168,44,87
1746,4,548,553,45,117
1746,5,775,369,55,101
1746,7,1327,313,54,94
1747,2,1087,268,53,95
1747,3,1099,169,47,85
1747,4,541,550,46,119
1747,5,770,369,50,100
1747,7,1320,313,55,95
1748,2,1082,269,51,93
1748,3,1090,168,51,84
1748,4,534,547,50,120
1748,5,762,369,47,99
1748,7,1316,313,50,95
1749,2,1077,269,47,93
1749,3,1086,168,49,83
1749,4,527,545,55,119
1749,5,754,368,45,100
1749,7,1313,315,45,93
1750,2,1073,268,41,94
1750,3,1080,168,46,82
1750,4,518,543,61,117
1750,5,747,366,48,102
1750,7,1305,316,42,92
1751,2,1066,267,42,95
1751,3,1074,169,40,80
1751,4,510,541,67,116
1751,5,741,365,50,103
1751,7,1298,315,39,94
1752,2,1059,266,47,96
1752,3,1068,167,36,82
1752,4,504,542,67,114
1752,5,731,363,56,104
1752,7,1292,313,41,95
1753,2,1054,265,48,96
1753,3,1061,166,38,82
1753,4,499,542,64,114
1753,5,721,362,62,105
1753,7,1287,312,42,94
1754,2,1048,264,50,97
1754,3,1054,164,42,83
1754,4,494,542,61,114
1754,5,714,363,61,104
1754,7,1279,311,46,95
1755,2,1041,263,53,97
1755,3,1044,162,49,84
1755,4,484,541,59,115
1755,5,712,364,54,102
1755,7,1268,311,53,94
1756,2,1037,263,53,97
1756,3,1032,163,57,83
1756,4,478,540,52,115
1756,5,708,365,47,101
1756,7,1262,311,54,94
1757,2,1032,265,52,95
1757,3,1026,162,58,84
1757,4,472,536,51,119
1757,5,702,365,41,102
1757,7,1259,312,49,93
1758,2,1025,266,50,94
1758,3,1023,163,53,83
1758,4,467,532,52,123
1758,5,693,364,42,103
1758,7,1256,314,42,91
1759,2,1017,266,47,94
1759,3,1017,164,48,81
1759,4,461,529,55,121
1759,5,685,362,45,105
1759,7,1250,314,36,91
1760,2,1010,265,47,95
1760,3,1009,163,45,81
1760,4,454,527,58,118
1760,5,676,360,51,107
1760,7,1243,313,37,92
1761,2,1005,263,47,97
1761,3,1001,161,42,82
1761,4,447,526,61,117
1761,5,664,358,59,108
1761,7,1236,311,40,94
1762,2,1000,261,48,98
1762,3,994,159,44,83
1762,4,443,527,58,115
1762,5,654,358,65,107
1762,7,1230,310,44,94
1763,2,994,259,50,99
1763,3,988,157,45,85
1763,4,437,527,55,115
1763,5,647,359,65,105
1763,7,1220,311,49,92
1764,2,986,259,55,99
1764,3,981,156,48,86
1764,4,432,527,49,115
1764,5,645,360,57,104
1764,7,1210,312,54,91
1765,2,980,260,55,97
1765,3,972,155,53,86
1765,4,425,526,44,116
1765,5,640,361,52,102
1765,7,1204,312,54,92
1766,2,976,261,52,96
1766,3,966,156,54,84
1766,4,418,523,47,117
1766,5,634,362,48,101
1766,7,1202,313,46,93
1767,2,972,264,47,92
1767,3,960,157,50,82
1767,4,411,520,53,119
1767,5,624,360,46,103
1767,7,1197,314,40,92
1768,2,965,265,43,91
1768,3,954,157,46,81
1768,4,403,518,57,118
1768,5,616,358,49,105
1768,7,1189,314,37,91
1769,2,959,265,40,91
1769,3,947,157,41,80
1769,4,396,516,61,115
1769,5,610,356,50,107
1769,7,1183,313,38,92
1770,2,953,264,41,92
1770,3,940,156,39,80
1770,4,386,515,67,113
1770,5,602,356,54,106
1770,7,1176,310,41,94
1771,2,946,262,45,94
1771,3,932,154,44,82
1771,4,382,516,66,111
1771,5,591,355,61,106
1771,7,1171,310,42,92
1772,2,940,261,47,94
1772,3,926,153,46,82
1772,4,375,516,65,111
1772,5,583,356,63,104
1772,7,1159,309,51,92
1773,2,930,261,53,94
1773,3,915,153,54,81
1773,4,366,516,64,111
1773,5,581,356,57,103
1773,7,1151,310,52,91
1774,2,921,262,57,93
1774,3,905,152,58,82
1774,4,358,515,61,113
1774,5,577,358,51,100
1774,7,1144,311,51,90
1775,2,916,262,57,93
1775,3,900,153,56,81
1775,4,351,512,57,114
1775,5,572,358,43,101
1775,7,1141,313,44,90
1776,2,913,264,52,91
1776,3,896,154,50,79
1776,4,345,508,56,119
1776,5,565,357,40,102
1776,7,1135,312,39,91
1777,2,906,263,49,92
1777,3,889,155,46,78
1777,4,338,505,58,119
1777,5,556,356,44,103
1777,7,1130,311,35,92
1778,2,898,263,45,92
1778,3,881,153,42,80
1778,4,332,503,60,117
1778,5,549,354,48,105
1778,7,1122,309,40,95
1779,2,890,262,46,93
1779,3,873,152,42,81
1779,4,325,502,62,115
1779,5,539,352,54,106
1779,7,1116,308,42,94
1780,2,883,259,47,95
1780,3,867,150,43,83
1780,4,319,502,63,113
1780,5,527,352,62,105
1780,7,1106,308,49,94
1781,2,878,258,48,96
1781,3,859,149,46,83
1781,4,313,502,61,113
1781,5,519,351,65,106
1781,7,1096,308,54,93
1782,2,871,256,51,98
1782,3,849,148,52,83
1782,4,306,503,59,112
1782,5,515,353,60,103
1782,7,1089,308,55,93
1783,2,862,256,56,97
1783,3,841,148,55,83
1783,4,300,503,54,111
1783,5,511,354,54,101
1783,7,1085,310,50,93
1784,2,857,257,56,96
1784,3,835,148,53,82
1784,4,292,501,51,112
1784,5,504,353,51,102
1784,7,1080,311,44,93
1785,2,854,259,51,94
1785,3,830,149,48,80
1785,4,283,498,56,115
1785,5,497,353,47,102
1785,7,1073,311,39,93
1786,2,849,261,47,91
1786,3,824,148,42,80
1786,4,275,496,61,116
1786,5,490,352,46,103
1786,7,1067,310,40,92
1787,2,842,260,43,92
1787,3,817,148,37,80
1787,4,266,494,66,113
1787,5,483,350,49,105
1787,7,1060,308,45,95
1788,2,836,260,39,92
1788,3,808,145,41,83
1788,4,260,492,67,112
1788,5,478,348,50,106
1788,7,1054,307,49,94
1789,2,829,259,41,93
1789,3,801,145,44,82
1789,4,254,492,69,109
1789,5,467,346,57,107
1789,7,1044,306,54,94
1790,2,822,257,44,95
1790,3,792,145,49,81
1790,4,247,492,69,109
1790,5,460,347,60,105
1790,7,1034,306,57,93
1791,2,815,256,47,96
1791,3,785,144,49,82
1791,4,239,494,68,108
1791,5,456,349,57,103
1791,6,777,144,62,82
1791,7,1030,307,52,92
1792,2,805,256,53,96
1792,4,231,495,67,107
1792,5,452,350,51,102
1792,6,770,145,62,81
1792,7,1028,310,45,88
1793,2,797,256,56,96
1793,4,223,493,60,110
1793,5,446,351,47,101
1793,6,767,147,55,79
1793,7,1021,310,40,89
1794,2,795,256,52,96
1794,4,214,490,59,112
1794,5,440,351,41,100
1794,6,763,147,48,79
1794,7,1014,309,38,91
1795,2,787,256,53,96
1795,4,208,488,60,114
1795,5,433,350,41,101
1795,6,756,147,43,79
1795,7,1005,309,43,91
1796,2,780,257,49,94
1796,4,203,485,61,114
1796,5,426,348,44,103
1796,6,748,146,40,80
1796,7,998,307,47,91
1797,2,771,255,47,96
1797,4,195,483,64,111
1797,5,418,346,49,105
1797,6,741,145,41,81
1797,7,991,307,52,91
1798,2,765,253,46,97
1798,4,187,482,65,109
1798,5,408,346,54,104
1798,6,734,143,44,82
1798,7,980,306,57,92
1799,2,759,252,48,97
1799,4,180,480,65,111
1799,5,398,345,61,104
1799,6,726,141,48,83
1799,7,973,306,56,93
1800,2,752,251,51,97
1800,3,713,142,59,82
1800,4,174,481,61,110
1800,5,393,346,59,103
1800,6,719,141,47,83
1800,7,970,307,52,92
1801,2,746,250,53,97
1801,3,706,142,58,82
1801,4,165,482,59,110
1801,5,389,347,54,101
1801,7,964,308,47,91
1802,2,739,251,54,96
1802,3,702,144,53,79
1802,4,157,481,53,111
1802,5,382,348,51,100
1802,7,956,308,43,92
1803,2,734,252,52,94
1803,3,697,143,48,80
1803,4,149,480,52,112
1803,5,375,348,48,99
1803,7,947,307,45,92
1804,2,730,254,47,92
1804,3,692,143,40,80
1804,4,141,479,55,112
1804,5,367,347,46,100
1804,7,942,305,44,93
1805,2,724,253,42,93
1805,3,683,143,39,79
1805,4,131,476,61,112
1805,5,360,345,48,101
1805,7,936,303,47,93
1806,2,716,253,40,93
1806,3,676,141,40,81
1806,4,123,474,65,111
1806,5,354,343,51,103
1806,7,927,302,49,94
1807,2,709,252,42,94
1807,3,669,139,43,83
1807,4,112,474,73,109
1807,5,347,342,53,104
1807,7,917,302,55,92
1808,2,703,250,44,95
1808,3,658,139,50,82
1808,4,105,474,74,108
1808,5,337,341,59,104
1808,7,910,303,55,91
1809,2,696,249,47,95
1809,3,651,138,50,83
1809,4,99,474,73,110
1809,5,332,342,59,102
1809,6,645,139,61,81
1809,7,907,304,48,92
1810,2,686,249,54,95
1810,4,90,476,71,109
1810,5,329,343,54,101
1810,6,638,140,61,80
1810,7,903,306,40,91
1811,2,677,248,57,96
1811,4,83,477,63,107
1811,5,324,344,48,99
1811,6,635,141,56,80
1811,7,896,306,35,91
1812,2,672,249,55,95
1812,4,73,474,61,109
1812,5,318,343,43,100
1812,6,632,142,48,81
1812,7,889,305,37,92
1813,2,667,250,53,94
1813,4,66,470,58,113
1813,5,311,342,41,101
1813,6,625,142,43,81
1813,7,882,303,40,95
1814,2,659,250,51,94
1814,4,59,469,58,112
1814,5,304,340,44,103
1814,6,617,142,39,81
1814,7,874,302,47,96
1815,2,651,250,46,94
1815,4,52,467,59,110
1815,5,298,338,46,105
1815,6,610,140,41,81
1815,7,862,302,54,94
1816,2,643,248,47,96
1816,4,45,464,61,110
1816,5,289,337,52,106
1816,6,603,137,43,83
1816,7,854,302,55,92
1817,2,637,246,48,98
1817,4,33,463,67,110
1817,5,278,336,58,106
1817,6,596,137,46,82
1817,7,848,303,54,92
1818,2,630,246,50,97
1818,4,27,463,64,111
1818,5,271,338,61,103
1818,6,586,137,52,82
1818,7,845,304,49,92
1819,2,624,245,52,97
1819,4,21,464,61,110
1819,5,267,339,57,102
1819,6,578,137,54,81
1819,7,838,305,45,91
1820,2,616,244,54,97
1820,4,13,464,55,111
1820,5,263,340,52,101
1820,6,573,138,53,80
1820,7,831,305,40,89
1821,2,609,244,55,97
1821,4,5,463,50,110
1821,5,254,341,51,100
1821,6,569,139,47,79
1821,7,824,303,42,91
1822,2,609,247,53,93
1822,4,0,462,46,111
1822,5,249,340,45,100
1822,6,564,139,42,79
1822,7,820,301,42,93
1823,2,603,248,53,92
1823,4,0,461,39,111
1823,5,243,338,43,102
1823,6,557,138,37,80
1823,7,813,300,44,93
1824,2,599,248,47,91
1824,5,236,336,46,104
1824,6,550,136,39,82
1824,7,801,300,51,91
1825,2,593,247,41,92
1825,5,230,335,48,105
1825,6,542,137,43,81
1825,7,793,301,54,90
1826,2,587,245,40,94
1826,3,532,136,51,82
1826,5,220,335,55,104
1826,6,535,137,43,81
1826,7,790,302,49,89
1827,2,580,243,42,95
1827,3,521,136,58,82
1827,5,213,336,57,102
1827,7,786,303,43,89
1828,2,573,242,45,96
1828,3,514,137,60,81
1828,5,210,337,54,100
1828,7,781,303,36,89
1829,2,564,242,50,95
1829,3,506,137,62,81
1829,5,205,338,50,99
1829,6,514,139,51,79
1829,7,773,303,37,89
1830,2,553,241,57,96
1830,5,200,339,45,98
1830,6,509,141,46,77
1830,7,765,301,41,93
1831,2,548,243,56,94
1831,5,194,339,43,98
1831,6,503,141,42,77
1831,7,758,300,44,93
1832,2,545,246,53,91
1832,5,187,337,41,100
1832,6,495,139,39,79
1832,7,747,298,53,95
1833,2,537,245,51,92
1833,5,179,335,45,102
1833,6,487,138,40,80
1833,7,738,298,56,95
1834,2,529,244,47,93
1834,5,173,333,48,104
1834,6,480,136,44,82
1834,7,728,301,59,93
1835,2,521,242,45,94
1835,5,166,333,52,104
1835,6,474,136,46,82
1835,7,726,302,52,93
1836,2,513,242,48,94
1836,3,462,135,56,81
1836,5,157,332,58,105
1836,6,467,135,46,83
1836,7,721,303,46,92
1837,2,507,240,49,96
1837,3,456,135,55,81
1837,5,150,334,59,103
1837,7,716,302,40,93
1838,2,500,239,52,96
1838,3,453,136,52,80
1838,5,148,335,54,101
1838,7,710,300,39,94
1839,2,492,240,55,94
1839,3,448,137,50,79
1839,5,142,337,52,99
1839,7,704,298,42,95
1840,2,485,240,56,93
1840,3,442,137,49,79
1840,5,135,337,49,98
1840,6,444,138,40,79
1840,7,697,298,45,95
1841,2,481,241,52,91
1841,5,130,337,44,97
1841,6,437,138,38,78
1841,7,687,297,49,93
1842,2,476,241,48,91
1842,5,123,335,44,99
1842,6,430,138,38,78
1842,7,678,297,53,93
1843,2,469,240,42,92
1843,5,117,334,47,100
1843,6,424,138,41,78
1843,7,674,299,50,90
1844,2,461,239,42,93
1844,5,107,334,53,101
1844,6,417,137,45,79
1844,7,670,300,44,90
1845,2,455,237,42,95
1845,5,97,334,59,101
1845,6,407,137,51,79
1845,7,665,301,37,90
1846,2,448,237,46,94
1846,5,91,335,61,100
1846,6,399,138,55,78
1846,7,658,300,35,91
1847,2,440,236,50,94
1847,5,91,336,55,99
1847,6,395,139,53,77
1847,7,650,299,39,92
1848,2,428,235,57,95
1848,5,87,338,50,97
1848,6,391,141,48,75
1848,7,644,298,41,92
1849,2,419,235,61,94
1849,5,83,338,44,98
1849,6,386,142,43,74
1849,7,635,298,48,92
1850,2,416,237,57,94
1850,5,75,338,43,98
1850,6,379,140,39,76
1850,7,625,296,53,93
1851,2,413,239,52,93
1851,5,68,338,42,98
1851,6,372,139,39,77
1851,7,617,297,54,94
1852,2,405,238,49,94
1852,5,61,338,46,98
1852,6,366,139,42,77
1852,7,614,298,51,92
1853,2,396,238,45,92
1853,5,54,336,49,101
1853,6,359,137,46,79
1853,7,609,300,45,91
1854,2,389,238,45,92
1854,5,47,336,53,101
1854,6,350,136,52,80
1854,7,602,301,42,91
1855,2,382,236,48,93
1855,5,38,336,58,102
1855,6,342,138,55,78
1855,7,596,300,39,93
1856,2,375,235,50,94
1856,5,35,338,56,100
1856,6,337,139,54,79
1856,7,590,298,40,93
1857,2,367,235,55,94
1857,5,33,340,51,98
1857,6,334,141,50,78
1857,7,584,296,42,93
1858,2,359,234,56,95
1858,5,27,342,48,96
1858,6,328,143,46,77
1858,7,576,295,45,92
1859,2,354,235,55,93
1859,5,22,343,43,95
1859,6,322,143,42,77
1859,7,566,295,50,92
1860,2,350,237,51,91
1860,5,14,342,40,96
1860,6,315,141,40,79
1860,7,560,296,51,91
1861,2,344,238,46,90
1861,5,7,342,41,96
1861,6,309,141,41,79
1861,7,557,297,46,93
1862,2,335,238,43,90
1862,6,303,141,43,80
1862,7,553,298,39,92
1863,2,327,236,44,92
1863,6,293,141,50,81
1863,7,545,298,35,91
1864,2,321,235,45,93
1864,6,287,140,53,82
1864,7,538,297,37,94
1865,2,314,233,49,95
1865,6,283,143,52,80
1865,7,531,295,43,95
1866,2,306,232,52,96
1866,6,280,145,47,79
1866,7,524,295,46,96
1867,2,296,232,58,95
1867,6,275,146,43,78
1867,7,516,294,49,96
1868,2,289,234,60,94
1868,6,270,144,38,80
1868,7,508,294,52,95
1869,2,286,236,56,93
1869,6,264,143,36,81
1869,7,502,296,51,94
1870,2,283,237,50,93
1870,6,258,141,38,83
1870,7,499,297,45,93
1871,2,275,236,47,94
1871,6,252,141,41,82
1871,7,491,298,43,91
1872,2,267,236,43,92
1872,6,244,141,47,82
1872,7,483,297,40,91
1873,2,259,234,44,94
1873,6,236,141,52,83
1873,7,477,296,41,92
1874,2,254,233,46,94
1874,6,230,142,54,85
1874,7,471,295,44,94
1875,2,247,232,49,95
1875,6,225,145,55,82
1875,7,466,293,46,95
1876,2,237,232,55,94
1876,6,223,145,49,83
1876,7,456,293,52,92
1877,2,229,233,58,94
1877,6,217,146,46,81
1877,7,449,293,53,92
1878,2,225,234,56,94
1878,6,212,146,42,81
1878,7,446,295,47,90
1879,2,222,235,51,94
1879,6,205,146,42,81
1879,7,443,296,42,90
1880,2,216,235,47,94
1880,6,200,145,42,83
1880,7,438,297,36,90
1881,2,209,235,44,94
1881,6,196,143,44,85
1881,7,430,296,37,93
1882,2,201,234,44,95
1882,6,189,144,47,83
1882,7,423,294,40,93
1883,2,195,233,45,96
1883,6,183,146,49,83
1883,7,417,294,44,94
1884,2,190,232,46,97
1884,6,179,148,47,84
1884,7,409,294,48,94
1885,2,181,232,51,97
1885,6,174,150,44,83
1885,7,400,293,52,93
1886,2,172,234,55,95
1886,6,170,150,41,83
1886,7,395,294,52,93
1887,2,166,235,55,96
1887,6,164,148,37,84
1887,7,391,296,48,92
1888,2,164,237,51,94
1888,6,158,148,39,84
1888,7,384,297,44,91
1889,2,162,238,45,95
1889,6,153,146,41,87
1889,7,376,297,41,91
1890,2,157,239,42,93
1890,6,148,146,44,86
1890,7,369,295,42,91
1891,2,150,239,39,93
1891,6,141,146,48,86
1891,7,362,294,46,92
1892,2,144,237,39,95
1892,6,134,146,51,87
1892,7,359,292,46,94
1893,2,138,236,42,96
1893,6,129,147,53,87
1893,7,352,292,49,91
1894,2,133,235,44,95
1894,6,125,151,51,82
1894,7,344,292,53,91
1895,2,124,235,49,95
1895,6,121,153,48,80
1895,7,338,293,51,91
1896,2,116,235,54,95
1896,6,116,152,42,82
1896,7,336,295,44,89
1897,2,111,237,55,93
1897,6,109,151,40,84
1897,7,330,296,40,90
1898,2,109,239,51,91
1898,6,103,149,40,86
1898,7,324,296,36,90
1899,2,104,239,48,91
1899,6,100,149,39,87
1899,7,318,295,37,91
1900,2,98,239,45,91
1900,6,94,148,42,87
1900,7,310,293,42,93
1901,2,93,239,43,92
1901,6,89,148,45,86
1901,7,304,292,45,94
1902,2,87,237,43,94
1902,6,83,150,47,84
1902,7,295,292,51,94
1903,2,81,237,44,96
1903,6,79,151,48,85
1903,7,288,293,52,93
1904,2,75,237,47,96
1904,6,74,153,46,84
1904,7,282,293,52,95
1905,2,68,237,50,95
1905,6,69,152,42,86
1905,7,277,295,49,93
1906,2,62,238,53,96
1906,6,64,152,38,87
1906,7,271,296,45,92
1907,2,59,238,52,96
1907,6,58,152,39,86
1907,7,263,296,42,91
1908,2,55,239,50,97
1908,6,54,152,41,86
1908,7,257,294,42,93
1909,2,52,239,44,97
1909,6,48,153,45,85
1909,7,250,293,45,93
1910,2,48,239,39,97
1910,6,43,151,47,87
1910,7,246,292,46,94
1911,2,44,239,38,97
1911,6,36,152,52,86
1911,7,237,291,51,93
1912,2,40,237,37,97
1912,6,31,153,53,87
1912,7,231,291,51,93
1913,2,35,237,39,99
1913,6,27,154,52,87
1913,7,226,293,50,92
1914,2,27,238,47,98
1914,6,22,156,50,85
1914,7,223,294,43,93
1915,2,17,240,56,96
1915,6,17,158,47,83
1915,7,218,296,39,92
1916,2,13,240,58,95
1916,6,12,157,43,83
1916,7,210,296,38,92
1917,2,12,240,54,95
1917,6,6,155,42,85
1917,7,204,294,39,92
1918,2,10,241,51,93
1918,6,2,155,41,86
1918,7,198,293,42,93
1919,2,8,242,46,93
1919,6,0,155,39,87
1919,7,192,292,45,94
1920,2,4,241,42,94
1920,6,0,157,39,86
1920,7,183,291,50,96
1921,2,2,241,35,94
1921,6,0,157,34,86
1921,7,176,291,52,97
1922,2,1,239,29,97
1922,7,171,291,51,97
1923,2,0,240,28,97
1923,7,168,292,48,97
1924,2,0,240,27,97
1924,7,162,294,43,93
1925,2,0,240,21,98
1925,7,154,295,42,93
1926,7,148,294,42,94
1927,7,144,294,44,92
1928,7,138,293,47,93
1929,7,130,292,51,92
1930,7,124,292,52,92
1931,7,121,293,47,91
1932,7,116,294,43,91
1933,7,112,295,39,91
1934,7,106,294,36,92
1935,7,101,294,37,92
1936,7,95,292,40,94
1937,7,87,292,46,94
1938,7,78,291,51,94
1939,7,74,291,50,95
1940,7,71,293,47,95
1941,7,65,293,44,95
1942,7,59,294,41,94
1943,7,53,293,42,96
1944,7,48,292,43,96
1945,7,42,291,44,96
1946,7,36,291,48,96
1947,7,30,291,51,94
1948,7,26,291,49,95
1949,7,22,292,46,95
1950,7,17,294,42,91
1951,7,10,294,37,91
1952,7,4,294,40,91
1953,7,0,292,40,95
1954,7,0,292,35,95
2158,9,0,325,44,113
2159,9,3,324,47,112
2160,9,6,323,51,113
2161,9,12,325,54,112
2162,9,15,326,61,111
2163,9,20,329,65,108
2164,9,25,331,68,106
2165,9,31,332,67,105
2166,9,36,331,66,106
2167,9,41,330,63,107
2168,9,46,330,58,106
2169,9,50,328,55,106
2170,9,54,327,52,106
2171,9,58,326,49,106
2172,9,62,323,47,109
2172,10,0,160,36,91
2173,9,65,322,46,109
2173,10,1,160,38,89
2174,9,69,322,45,108
2174,10,1,160,41,89
2175,9,71,322,48,108
2175,10,1,160,44,87
2176,9,74,321,49,109
2176,10,5,160,45,85
2177,9,76,323,53,106
2177,10,10,158,44,86
2178,9,78,323,57,106
2178,10,13,155,44,89
2179,9,80,323,59,106
2179,10,15,153,41,89
2180,9,83,323,59,106
2180,10,18,153,39,88
2181,9,86,323,59,106
2181,10,20,152,39,88
2182,9,89,321,57,106
2182,10,24,152,36,86
2183,9,94,320,51,106
2183,10,26,151,36,85
2184,9,100,319,47,106
2184,10,28,152,36,84
2185,9,106,317,46,107
2185,10,29,150,38,85
2186,9,111,317,46,105
2186,10,31,148,37,87
2187,9,114,316,49,105
2187,10,31,146,36,90
2188,9,117,319,52,101
2188,10,31,143,37,90
2189,9,121,322,53,98
2189,10,32,142,38,88
2190,9,124,323,51,96
2190,10,33,142,39,87
2191,9,126,325,50,94
2191,10,34,142,40,86
2192,9,127,326,49,93
2192,10,35,142,41,85
2193,9,129,326,47,93
2193,10,39,142,38,85
2194,9,131,324,45,95
2194,10,42,140,38,86
2195,9,129,320,47,99
2195,10,44,140,37,85
2196,9,128,319,46,100
2196,10,46,138,37,88
2197,9,123,317,49,101
2197,10,49,135,36,90
2198,9,118,315,53,102
2198,10,50,134,37,89
2199,9,111,315,59,100
2199,10,51,132,37,91
2200,9,107,313,63,101
2200,10,52,133,39,86
2201,9,104,311,66,101
2201,10,53,130,38,87
2202,9,102,309,67,101
2202,10,54,128,38,89
2203,9,101,307,67,101
2203,10,55,125,39,92
2204,9,105,307,62,98
2204,10,56,126,40,90
2205,9,105,306,59,97
2205,10,56,125,40,89
2206,9,103,304,56,98
2206,10,57,126,39,87
2207,9,100,304,53,97
2207,10,59,126,38,87
2208,9,97,303,51,97
2208,10,60,125,38,86
2209,9,94,302,51,97
2209,10,63,124,36,86
2210,9,91,299,52,100
2210,10,63,123,37,87
2211,9,89,297,50,100
2211,10,66,120,36,89
2212,9,86,295,50,100
2212,10,68,120,35,89
2213,9,83,294,46,99
2213,10,69,120,37,87
2214,9,80,294,43,98
2214,10,70,119,35,87
2215,9,75,289,43,99
2215,10,71,119,35,85
2216,9,68,286,47,100
2216,10,72,118,34,85
2217,9,66,283,45,102
2217,10,71,116,36,87
2218,9,62,280,47,99
2218,10,71,114,35,88
2219,9,57,277,46,98
2219,10,69,113,37,88
2220,9,52,278,45,97
2220,10,69,113,38,86
2221,9,48,276,40,100
2221,10,70,113,38,85
2222,9,44,277,40,99
2222,10,71,112,39,86
2223,9,39,276,41,99
2223,10,72,113,40,84
2224,9,32,276,48,99
2224,10,73,113,40,83
2225,9,27,275,53,99
2225,10,72,111,40,85
2226,9,25,273,49,100
2226,10,74,109,39,86
2227,9,20,270,50,99
2227,10,76,108,36,87
2228,9,18,269,46,95
2228,10,77,107,34,86
2229,9,15,268,43,93
2229,10,76,108,35,85
2230,9,13,267,38,92
2230,10,76,107,34,84
2231,9,8,266,38,92
2231,10,74,107,38,83
2232,9,3,263,42,95
2232,10,73,108,39,81
2233,9,0,260,43,97
2233,10,73,107,38,82
2234,9,0,258,42,97
2234,10,69,107,40,81
2235,9,0,257,39,97
2235,10,69,104,40,85
2236,10,66,105,45,82
2237,10,64,104,44,79
2238,10,63,104,44,78
2239,10,61,103,44,80
2240,10,61,101,42,81
2241,10,61,100,40,82
2242,10,59,98,39,83
2243,10,57,95,38,84
2244,10,57,95,37,83
2245,10,56,94,36,83
2246,10,55,95,36,80
2247,10,52,96,40,79
2248,10,48,98,43,76
2249,10,45,100,46,75
2250,10,41,100,49,74
2251,10,39,100,51,75
2252,10,33,98,56,76
2253,10,28,98,58,75
2254,10,22,97,59,75
2255,10,16,97,59,75
2256,10,12,97,55,74
2257,10,9,96,53,75
2258,10,2,94,56,76
2259,10,0,94,53,76
2260,10,0,93,49,77
2261,10,0,91,44,79
2262,10,0,90,42,80
